-1.9549715075220171e+000	5.7522389387175271e-003
-1.9489795919999999e+000	5.3734491766514745e-003
-1.9426694304489152e+000	6.1871428713812177e-003
-1.9362244900000001e+000	5.3617388006432110e-003
-1.9285124254248376e+000	4.8413159594739817e-003
-1.9234693880000000e+000	4.8008669271818799e-003
-1.9157728413548720e+000	4.8562131724044439e-003
-1.9107142859999999e+000	4.9246671791857268e-003
-1.9032145905811642e+000	5.0451903508794849e-003
-1.8979591840000001e+000	4.2086117504784581e-003
-1.8901687890690551e+000	4.7661188174314651e-003
-1.8852040820000000e+000	4.1689548930994927e-003
-1.8777044212332652e+000	5.0452236168967556e-003
-1.8724489799999999e+000	4.1483773171246720e-003
-1.8662841417844582e+000	6.3266532744140330e-003
-1.8596938780000001e+000	9.1126017635732113e-003
-1.8511919389044675e+000	4.0830364149646468e-003
-1.8469387760000000e+000	4.8417933357311092e-003
-1.8404075006431224e+000	5.9748736164333951e-003
-1.8341836739999999e+000	4.9564379637182425e-003
-1.8276204785254326e+000	5.9442307972230983e-003
-1.8214285710000000e+000	6.8861055360518834e-003
-1.8143288834055600e+000	5.4291978648083813e-003
-1.8086734689999999e+000	4.7814866431678833e-003
-1.8040184933637016e+000	7.7761213599575225e-003
-1.7995601703016124e+000	1.2244898000000001e-002
-1.7989758571415533e+000	1.5180088555067695e-002
-1.7959183670000001e+000	1.5871570510059531e-002
-1.7907048570632140e+000	1.9484826427986296e-002
-1.7854057367992640e+000	2.4489796000000001e-002
-1.7862365471665838e+000	2.7440146899196015e-002
-1.7831632650000000e+000	2.6379515114006359e-002
-1.7774110279737156e+000	3.1212546418689018e-002
-1.7730566396184853e+000	3.6734693999999998e-002
-1.7745876796677402e+000	4.0747030027244384e-002
-1.7737479594012091e+000	4.8979592000000002e-002
-1.7759690343497931e+000	5.4318028530679241e-002
-1.7745159143864249e+000	6.1224489999999999e-002
-1.7763166922723093e+000	6.6896678138475218e-002
-1.7704081629999999e+000	6.7038598531734286e-002
-1.7671870114431698e+000	6.1224489999999999e-002
-1.7653705032228766e+000	5.6388336582365341e-002
-1.7626883683532100e+000	4.8979592000000002e-002
-1.7576530610000001e+000	3.8567736409236678e-002
-1.7544844365179892e+000	3.6734693999999998e-002
-1.7448979590000000e+000	3.1510105570308471e-002
-1.7342626884009116e+000	2.4489796000000001e-002
-1.7321428569999999e+000	2.2725702655304849e-002
-1.7197848494993535e+000	1.2626108721869879e-002
-1.7193877550000001e+000	1.2301492081882387e-002
-1.7193375536576108e+000	1.2244898000000001e-002
-1.7066326530000000e+000	8.3768175891259389e-003
-1.7037772055926641e+000	9.5036684710481881e-003
-1.6951625521318472e+000	1.2244898000000001e-002
-1.6941805273073516e+000	1.2535755256958067e-002
-1.6938775509999999e+000	1.2659684585335682e-002
-1.6816836264194741e+000	1.2783628326214784e-002
-1.6811224490000001e+000	1.2749067104200150e-002
-1.6698908584300147e+000	1.3707468982369591e-002
-1.6683673470000000e+000	1.3965108059530856e-002
-1.6598357422270675e+000	1.6299455364474656e-002
-1.6556122449999999e+000	1.7019236538113096e-002
-1.6489025549369885e+000	1.8048493497425735e-002
-1.6428571430000001e+000	1.9409810633519077e-002
-1.6389995496799559e+000	2.0786506388562762e-002
-1.6363887304571110e+000	2.4489796000000001e-002
-1.6355945871881712e+000	2.9762640375093560e-002
-1.6328724365199432e+000	3.6734693999999998e-002
-1.6322587951075584e+000	3.8805177956783253e-002
-1.6301020410000000e+000	3.9200862330037389e-002
-1.6244920734900608e+000	3.6734693999999998e-002
-1.6186458299772741e+000	2.5736731346329873e-002
-1.6181768580888616e+000	2.4489796000000001e-002
-1.6173469389999999e+000	2.3619415946081305e-002
-1.6157335727089883e+000	2.2940964350509803e-002
-1.6045918370000001e+000	2.0569054441727078e-002
-1.6005254486431881e+000	2.0586063151956168e-002
-1.5918367350000000e+000	1.9940644518327687e-002
-1.5865063178179457e+000	1.9372595471795533e-002
-1.5790816329999999e+000	1.8609829756299111e-002
-1.5728843470434732e+000	1.8540401442864934e-002
-1.5663265310000001e+000	1.9106261699967805e-002
-1.5612732933824667e+000	1.9638687855474058e-002
-1.5535714290000000e+000	1.9929357885540611e-002
-1.5485027134996558e+000	1.9623829087878655e-002
-1.5408163269999999e+000	1.8566349553242857e-002
-1.5336119712008052e+000	1.7573614929815871e-002
-1.5280612240000000e+000	1.7510390408780097e-002
-1.5223665226552630e+000	1.9022882673335306e-002
-1.5153061219999999e+000	2.4371508170181019e-002
-1.5152458155172184e+000	2.4431901776151475e-002
-1.5152037690255102e+000	2.4489796000000001e-002
-1.5097726338795319e+000	3.1422545369644568e-002
-1.5063103853940862e+000	3.6734693999999998e-002
-1.5050217103035632e+000	3.9106556706916630e-002
-1.5025510200000001e+000	4.1959470151150383e-002
-1.4989990913028113e+000	4.5569740428421088e-002
-1.4948791876034364e+000	4.8979592000000002e-002
-1.4919149416658377e+000	5.1013854732494507e-002
-1.4897959180000000e+000	5.1652244418341042e-002
-1.4818408729483328e+000	5.3587646700505476e-002
-1.4770408159999999e+000	5.3680383501519956e-002
-1.4687914055622953e+000	5.3305055928062915e-002
-1.4642857140000001e+000	5.2627333960082318e-002
-1.4548129633445843e+000	5.2130649311387833e-002
-1.4515306120000000e+000	5.1939458546290465e-002
-1.4432463265275413e+000	5.3271575894480616e-002
-1.4387755099999999e+000	5.4697714054620684e-002
-1.4344001931080388e+000	5.7024185756275284e-002
-1.4298043066533395e+000	6.1224489999999999e-002
-1.4283308113302975e+000	6.3442477211576392e-002
-1.4260204080000001e+000	6.6899862865586052e-002
-1.4240729938662904e+000	7.1599870419424519e-002
-1.4236736936459202e+000	7.3469387999999997e-002
-1.4225054993004504e+000	8.2339973626386870e-002
-1.4226201955352769e+000	8.5714286000000001e-002
-1.4233006103297665e+000	9.5348178219517243e-002
-1.4237008142949117e+000	9.7959184000000005e-002
-1.4248738829968770e+000	1.0910341798981085e-001
-1.4250043731617417e+000	1.1020408199999999e-001
-1.4255060052038564e+000	1.2195515331247574e-001
-1.4255184381939503e+000	1.2244898000000000e-001
-1.4260204080000001e+000	1.3271659065541608e-001
-1.4262429078946077e+000	1.3469387799999999e-001
-1.4268635971739956e+000	1.3550333961232439e-001
-1.4274676611095818e+000	1.4693877599999999e-001
-1.4297806618921727e+000	1.5054861976007006e-001
-1.4298781341170139e+000	1.5918367400000000e-001
-1.4304941623079190e+000	1.6347847816366165e-001
-1.4260204080000001e+000	1.6349912204509998e-001
-1.4187466364769878e+000	1.5918367400000000e-001
-1.4132653060000000e+000	1.5825099337726653e-001
-1.4119691598582409e+000	1.5793937369578184e-001
-1.4005102039999999e+000	1.5360073624706322e-001
-1.3887952514839934e+000	1.4793731951115743e-001
-1.3877551020000001e+000	1.4737744699909450e-001
-1.3869528265157531e+000	1.4693877599999999e-001
-1.3750000000000000e+000	1.4131732465865487e-001
-1.3635655354733811e+000	1.3596168998272895e-001
-1.3622448979999999e+000	1.3533670872639927e-001
-1.3608213933714874e+000	1.3469387799999999e-001
-1.3494897960000001e+000	1.3083343473638476e-001
-1.3445570720822655e+000	1.2995846300803679e-001
-1.3367346940000000e+000	1.2986341108244132e-001
-1.3324173064367191e+000	1.3054918591217166e-001
-1.3239795919999999e+000	1.3396318135666518e-001
-1.3234988849664606e+000	1.3423239924478725e-001
-1.3228251143086527e+000	1.3469387799999999e-001
-1.3166455670835731e+000	1.3989811203423111e-001
-1.3113922272079612e+000	1.4693877599999999e-001
-1.3113455746013047e+000	1.4705501721801192e-001
-1.3112244900000001e+000	1.4723936865127665e-001
-1.3073694086514249e+000	1.5548279588118880e-001
-1.3062592498685905e+000	1.5918367400000000e-001
-1.3046803060159511e+000	1.6514615533426788e-001
-1.3032730832801733e+000	1.7142857200000000e-001
-1.3025614628425086e+000	1.7535696355365507e-001
-1.3003629570233954e+000	1.8367346900000001e-001
-1.3000653381497342e+000	1.8520558115375466e-001
-1.2984693880000000e+000	1.8927919200139803e-001
-1.2963398673131292e+000	1.9387402712724772e-001
-1.2953203245988545e+000	1.9591836700000001e-001
-1.2915843802239997e+000	2.0155365749185694e-001
-1.2857142859999999e+000	2.0761970046491821e-001
-1.2854013674933906e+000	2.0786286323169242e-001
-1.2850487534504875e+000	2.0816326499999999e-001
-1.2781750812741639e+000	2.1317052641591144e-001
-1.2729591840000001e+000	2.1610677472576839e-001
-1.2699937680222306e+000	2.1756136364274226e-001
-1.2647029210876335e+000	2.2040816299999999e-001
-1.2618579503152043e+000	2.2199587659296918e-001
-1.2602040820000000e+000	2.2272233128304281e-001
-1.2538155157920232e+000	2.2652003740027321e-001
-1.2474489799999999e+000	2.3131677713494070e-001
-1.2466932636724359e+000	2.3192757332079872e-001
-1.2459364122622452e+000	2.3265306099999999e-001
-1.2408380762763462e+000	2.3855149138382881e-001
-1.2372985411512341e+000	2.4489795900000000e-001
-1.2365891952853880e+000	2.4671746360585989e-001
-1.2346938780000001e+000	2.5574481306893887e-001
-1.2346358045298025e+000	2.5708710646824606e-001
-1.2346342274949107e+000	2.5714285700000000e-001
-1.2346938780000001e+000	2.5965680703213218e-001
-1.2368033818234725e+000	2.6938775500000001e-001
-1.2380710948251674e+000	2.7262988317334258e-001
-1.2431399682366431e+000	2.8163265300000001e-001
-1.2474489799999999e+000	2.8748834514357879e-001
-1.2524546052984729e+000	2.9387755100000001e-001
-1.2602040820000000e+000	3.0488293805434652e-001
-1.2610689973361247e+000	3.0612244900000002e-001
-1.2620475550040917e+000	3.0789218309549049e-001
-1.2673926283638584e+000	3.1836734700000002e-001
-1.2729591840000001e+000	3.2922069624838746e-001
-1.2739864307881843e+000	3.3061224500000003e-001
-1.2749546927568665e+000	3.3252793341910758e-001
-1.2827859884270454e+000	3.4285714299999998e-001
-1.2857142859999999e+000	3.4532603346046342e-001
-1.2935222423432116e+000	3.5510204099999998e-001
-1.2901356046187160e+000	3.5934650690169789e-001
-1.2857142859999999e+000	3.5971274237736239e-001
-1.2817686738726441e+000	3.6355915133299155e-001
-1.2797208876911788e+000	3.6734693899999998e-001
-1.2774143516422125e+000	3.7162389996446676e-001
-1.2729591840000001e+000	3.7846365486729039e-001
-1.2725598305163142e+000	3.7920845765315681e-001
-1.2724003309949294e+000	3.7959183699999999e-001
-1.2719193099645860e+000	3.9083845591948041e-001
-1.2721311297538198e+000	3.9183673499999999e-001
-1.2729591840000001e+000	3.9407569709835005e-001
-1.2780258030915714e+000	4.0408163300000000e-001
-1.2857142859999999e+000	4.1392430667356001e-001
-1.2914046630846348e+000	4.1632653100000000e-001
-1.2913633266256559e+000	4.2174961003606048e-001
-1.2910656112392369e+000	4.2857142900000000e-001
-1.2928789458911876e+000	4.3544950254047687e-001
-1.2857142859999999e+000	4.3562996469324922e-001
-1.2801912384397323e+000	4.2857142900000000e-001
-1.2729591840000001e+000	4.2349682600352834e-001
-1.2657405254291003e+000	4.2164151672666106e-001
-1.2602040820000000e+000	4.2017527791398390e-001
-1.2475722251173915e+000	4.1644484631346912e-001
-1.2474489799999999e+000	4.1907606613449727e-001
-1.2381945417210689e+000	4.1632653100000000e-001
-1.2381070965674219e+000	4.0735832284613266e-001
-1.2385125739073473e+000	4.0408163300000000e-001
-1.2380382518417845e+000	3.9504733390908897e-001
-1.2383770932742881e+000	3.9183673499999999e-001
-1.2375072620692065e+000	3.8229268572408370e-001
-1.2368108981911190e+000	3.7959183699999999e-001
-1.2346938780000001e+000	3.7498362690567810e-001
-1.2296066010393900e+000	3.6734693899999998e-001
-1.2219387760000000e+000	3.5891435747765488e-001
-1.2179046964013001e+000	3.5510204099999998e-001
-1.2091836739999999e+000	3.4793870168525615e-001
-1.2015126033212051e+000	3.4285714299999998e-001
-1.1964285720000001e+000	3.4038138693250719e-001
-1.1927280953426069e+000	3.3930468566420591e-001
-1.1836734689999999e+000	3.3867496176253903e-001
-1.1801309627123897e+000	3.3945633694167554e-001
-1.1710127876584357e+000	3.4285714299999998e-001
-1.1709485564089126e+000	3.4288612483274539e-001
-1.1709183670000001e+000	3.4290711078619757e-001
-1.1621956166087219e+000	3.4672820056966391e-001
-1.1581632650000000e+000	3.4797015573177270e-001
-1.1514074408432098e+000	3.4861644976710893e-001
-1.1454081629999999e+000	3.4763996315950041e-001
-1.1365743698497943e+000	3.4285714299999998e-001
-1.1326530610000001e+000	3.3929746783651271e-001
-1.1236258817872364e+000	3.3061224500000003e-001
-1.1198979590000000e+000	3.2742088951518383e-001
-1.1120361687516664e+000	3.2306492631229067e-001
-1.1071428569999999e+000	3.2179235746893198e-001
-1.0979298229165191e+000	3.2176773222207411e-001
-1.0943877550000001e+000	3.2270857338959047e-001
-1.0887321209871919e+000	3.2518283631223199e-001
-1.0816326530000000e+000	3.3054832599405720e-001
-1.0815990876877082e+000	3.3058002229998940e-001
-1.0815697693569382e+000	3.3061224500000003e-001
-1.0757002312099209e+000	3.3716201804431589e-001
-1.0716029049816176e+000	3.4285714299999998e-001
-1.0707090958278709e+000	3.4461542604624357e-001
-1.0688775509999999e+000	3.4707287203890236e-001
-1.0654464986705616e+000	3.5180823074221962e-001
-1.0633161207442745e+000	3.5510204099999998e-001
-1.0604569069397376e+000	3.5926312064933374e-001
-1.0561224490000001e+000	3.6377978209604123e-001
-1.0542149381259649e+000	3.6551572854896230e-001
-1.0527307155313779e+000	3.6734693899999998e-001
-1.0483916813060690e+000	3.7217029996533879e-001
-1.0433673470000000e+000	3.7686882113744158e-001
-1.0419081750989949e+000	3.7819103196588322e-001
-1.0410676903522016e+000	3.7959183699999999e-001
-1.0369688045759371e+000	3.8569413423276799e-001
-1.0347968359493676e+000	3.9183673499999999e-001
-1.0342138882548162e+000	3.9529431254721314e-001
-1.0306122449999999e+000	3.9617535639926293e-001
-1.0245101626819013e+000	3.9183673499999999e-001
-1.0178571430000001e+000	3.8547110415698660e-001
-1.0109271248468772e+000	3.7959183699999999e-001
-1.0051020410000000e+000	3.7151974090417961e-001
-1.0030180720853203e+000	3.6734693899999998e-001
-1.0010867953799421e+000	3.6349230317956072e-001
-9.9670219290324602e-001	3.5510204099999998e-001
-9.9234693900000004e-001	3.4800156305990848e-001
-9.8846699303073604e-001	3.4285714299999998e-001
-9.7959183699999997e-001	3.3507882838563663e-001
-9.6867106677279813e-001	3.3061224500000003e-001
-9.6683673500000000e-001	3.3025178032443686e-001
-9.6641653044655962e-001	3.3020884862606176e-001
-9.5408163300000004e-001	3.3010678178919306e-001
-9.5362795249513588e-001	3.3017671171248492e-001
-9.5029727476200954e-001	3.3061224500000003e-001
-9.4260656281880850e-001	3.3184107555408449e-001
-9.4132653099999997e-001	3.3211134979650614e-001
-9.3134833369900849e-001	3.3327807352846495e-001
-9.2857142900000000e-001	3.3345117999131024e-001
-9.1770876034184368e-001	3.3242898102003926e-001
-9.1581632700000004e-001	3.3203893638971066e-001
-9.1139936964480062e-001	3.3061224500000003e-001
-9.0306122499999997e-001	3.2663345589542425e-001
-8.9160419108691213e-001	3.1836734700000002e-001
-8.9030612300000000e-001	3.1722326719909816e-001
-8.7777905633178621e-001	3.0634136386278205e-001
-8.7755101999999996e-001	3.0614558601994102e-001
-8.7752443318942897e-001	3.0612244900000002e-001
-8.6479591800000000e-001	2.9713536505475324e-001
-8.5843616981395177e-001	2.9387755100000001e-001
-8.5204081600000003e-001	2.9146614979458391e-001
-8.4854827676595690e-001	2.9052471331341340e-001
-8.3928571399999996e-001	2.8904550184671046e-001
-8.3408572966293315e-001	2.8888556600380155e-001
-8.2653061200000000e-001	2.8943206913938641e-001
-8.2258597091107211e-001	2.9009069552988842e-001
-8.1377551000000004e-001	2.9245870575499755e-001
-8.1269165435822144e-001	2.9283704957709467e-001
-8.0999308347600329e-001	2.9387755100000001e-001
-8.0391176929596275e-001	2.9665325786225893e-001
-8.0102040799999996e-001	2.9816414466192975e-001
-7.9589973442329454e-001	3.0120660233424595e-001
-7.8898722255120990e-001	3.0612244900000002e-001
-7.8859837357639184e-001	3.0644219387542526e-001
-7.8826530600000000e-001	3.0669722070763400e-001
-7.8182604107877540e-001	3.1218565263523734e-001
-7.7554170646879284e-001	3.1836734700000002e-001
-7.7552730657527014e-001	3.1838376547236658e-001
-7.7551020400000004e-001	3.1840106223791859e-001
-7.6961442377732403e-001	3.2495229594925279e-001
-7.6499824453623722e-001	3.3061224500000003e-001
-7.6407500040957210e-001	3.3187934748146763e-001
-7.6275510199999996e-001	3.3353160474272886e-001
-7.5868540202347101e-001	3.3895023099700705e-001
-7.5596426085683843e-001	3.4285714299999998e-001
-7.5363219827128947e-001	3.4634405336321900e-001
-7.5000000000000000e-001	3.5161496512702040e-001
-7.4856268640492507e-001	3.5372221993971320e-001
-7.4770120920094296e-001	3.5510204099999998e-001
-7.4368730413801476e-001	3.6128675093290086e-001
-7.3982348826419286e-001	3.6734693899999998e-001
-7.3890466958825995e-001	3.6894031973513963e-001
-7.3724489800000004e-001	3.7141803907631743e-001
-7.3400262046901454e-001	3.7647925054991838e-001
-7.3215185728029297e-001	3.7959183699999999e-001
-7.2937485291335014e-001	3.8428149166745529e-001
-7.2491683130156059e-001	3.9183673499999999e-001
-7.2478395569534249e-001	3.9211912830937373e-001
-7.2448979599999996e-001	3.9258318038058709e-001
-7.2038629033289237e-001	4.0014226753383947e-001
-7.1853707174717285e-001	4.0408163300000000e-001
-7.1655531401087202e-001	4.0870942824067208e-001
-7.1367636249151278e-001	4.1632653100000000e-001
-7.1329689332041424e-001	4.1782624235739579e-001
-7.1173469400000000e-001	4.2317920458927016e-001
-7.1080714984904703e-001	4.2768098660926757e-001
-7.1068505057149112e-001	4.2857142900000000e-001
-7.1000245862703693e-001	4.3915338103109086e-001
-7.1010074461074080e-001	4.4081632700000001e-001
-7.1173469400000000e-001	4.5065415172563966e-001
-7.1242477081396027e-001	4.5306122500000001e-001
-7.1341033058553793e-001	4.5466983613262602e-001
-7.1581060285593567e-001	4.6530612300000002e-001
-7.1627419205873677e-001	4.6966404116485905e-001
-7.1325896479730222e-001	4.7755102100000002e-001
-7.1291146444667275e-001	4.7868072054392785e-001
-7.1173469400000000e-001	4.7919454011386425e-001
-7.0482513218359188e-001	4.8316273915462116e-001
-6.9897959200000004e-001	4.8455438580801746e-001
-6.9441352567085990e-001	4.8541249465336672e-001
-6.8622448999999996e-001	4.8917333591964152e-001
-6.8578218751474995e-001	4.8937130764606240e-001
-6.8518099991516124e-001	4.8979591800000000e-001
-6.7841862288268229e-001	4.9454718351841659e-001
-6.7346938800000000e-001	4.9789973794935094e-001
-6.7089150240995565e-001	4.9956604581738889e-001
-6.6762990040984271e-001	5.0204081599999995e-001
-6.6372662434526219e-001	5.0493266083034505e-001
-6.6071428600000004e-001	5.0641245632312737e-001
-6.5546007617618918e-001	5.0924167253618713e-001
-6.4795918399999997e-001	5.1316695469217410e-001
-6.4714734973602694e-001	5.1350635310149406e-001
-6.4567323303586643e-001	5.1428571400000000e-001
-6.3898043289391637e-001	5.1791101088184499e-001
-6.3520408200000000e-001	5.1975722186689333e-001
-6.3076749602322457e-001	5.2227148943446933e-001
-6.2476630532977306e-001	5.2653061199999995e-001
-6.2355815738254505e-001	5.2759542229419987e-001
-6.2244898000000004e-001	5.2831585690080207e-001
-6.1691390317849393e-001	5.3346183621663812e-001
-6.1262431784873961e-001	5.3877551000000001e-001
-6.1152221355299485e-001	5.4053071214234238e-001
-6.0969387799999997e-001	5.4331922807281940e-001
-6.0715892480037992e-001	5.4858685291246556e-001
-6.0632104453983104e-001	5.5102040799999996e-001
-6.0471195927611032e-001	5.5848266399381941e-001
-6.0446716340212514e-001	5.6326530600000002e-001
-6.0552022569203423e-001	5.7150349775817577e-001
-6.0668055602971149e-001	5.7551020399999997e-001
-6.0969387799999997e-001	5.8184808465821347e-001
-6.1374640700464878e-001	5.8775510200000003e-001
-6.2244898000000004e-001	5.9913386933573676e-001
-6.2313558587046958e-001	5.9999999999999998e-001
-6.2481525027864004e-001	6.0227161948233565e-001
-6.2707339848450605e-001	6.1224489800000004e-001
-6.2669291465080890e-001	6.1631907529139440e-001
-6.2323535307864386e-001	6.2448979599999999e-001
-6.2296511890324968e-001	6.2498528935035691e-001
-6.2244898000000004e-001	6.2548089499159298e-001
-6.1849129677835246e-001	6.3293531808239578e-001
-6.1727387844885928e-001	6.3673469400000005e-001
-6.1697673158074706e-001	6.4372623348319524e-001
-6.1815908015238219e-001	6.4897959199999999e-001
-6.2244898000000004e-001	6.5643179941917995e-001
-6.2620370837994299e-001	6.6122449000000005e-001
-6.2852205773353442e-001	6.6705464466228337e-001
-6.3011930633568247e-001	6.7346938800000000e-001
-6.3520408200000000e-001	6.8199270167543991e-001
-6.3929654687588200e-001	6.8571428599999995e-001
-6.4054442788585808e-001	6.9084101808391840e-001
-6.3520408200000000e-001	6.8956849292957201e-001
-6.2842125543077920e-001	6.9144767045100608e-001
-6.2244898000000004e-001	6.9059666619965965e-001
-6.1507624489107959e-001	6.9088135824919461e-001
-6.0969387799999997e-001	6.9228222768226644e-001
-6.0558529051096099e-001	6.9401493998475350e-001
-5.9693877600000000e-001	6.9062443598330026e-001
-5.9266353359988311e-001	6.8571428599999995e-001
-5.8418367400000004e-001	6.8296937201737751e-001
-5.8150512049305569e-001	6.8314287461653345e-001
-5.7142857199999997e-001	6.8445969854411381e-001
-5.7034781331474171e-001	6.8467675773671577e-001
-5.6439769118257765e-001	6.8571428599999995e-001
-5.5990850226762301e-001	6.8689991785171067e-001
-5.5867346900000003e-001	6.8676150720465945e-001
-5.4954082305723639e-001	6.8919184383766696e-001
-5.4591836699999996e-001	6.8999276118568287e-001
-5.4068318116704628e-001	6.9293340556752936e-001
-5.3692791558526087e-001	6.9795918400000001e-001
-5.3693398242490509e-001	7.0157907275155884e-001
-5.3316326500000000e-001	7.0479095214654208e-001
-5.2945566284360057e-001	7.0664478390660246e-001
-5.2040816300000003e-001	7.0403280373624377e-001
-5.0896648689433033e-001	6.9795918400000001e-001
-5.0765306099999996e-001	6.9721474279044693e-001
-4.9639818369294947e-001	6.8571428599999995e-001
-4.9489795900000000e-001	6.8310749609643417e-001
-4.8879727193852340e-001	6.7346938800000000e-001
-4.8214285699999998e-001	6.6544657572863064e-001
-4.7728175629265868e-001	6.6122449000000005e-001
-4.6938775500000002e-001	6.5676912164397128e-001
-4.6260736336318181e-001	6.5471531398612792e-001
-4.5663265300000000e-001	6.5401672646278519e-001
-4.4948793689766930e-001	6.5436556249695088e-001
-4.4387755099999998e-001	6.5558114003824275e-001
-4.3956524722495394e-001	6.5708467834890905e-001
-4.3165450418227724e-001	6.6122449000000005e-001
-4.3134579805486778e-001	6.6143890509407399e-001
-4.3112244900000002e-001	6.6159563282630729e-001
-4.2418881280837994e-001	6.6681309721255699e-001
-4.1836734700000000e-001	6.7200688587621904e-001
-4.1760758780567503e-001	6.7274001916868276e-001
-4.1689844873150339e-001	6.7346938800000000e-001
-4.1120336350586373e-001	6.7883686180069658e-001
-4.0561224499999998e-001	6.8338394409073477e-001
-4.0421066401515260e-001	6.8436876824575577e-001
-4.0238818981953567e-001	6.8571428599999995e-001
-3.9641720359243376e-001	6.8913194419106505e-001
-3.9285714300000002e-001	6.9043382491682448e-001
-3.8671700712141832e-001	6.9206465351805058e-001
-3.8010204100000000e-001	6.9292951926153190e-001
-3.7499708800166742e-001	6.9305842908958248e-001
-3.6734693899999998e-001	6.9292819267466665e-001
-3.6182297660717566e-001	6.9265618006824237e-001
-3.5459183700000002e-001	6.9258209080367505e-001
-3.4920473714317435e-001	6.9278756810365949e-001
-3.4183673500000000e-001	6.9381135289890161e-001
-3.3828703993101678e-001	6.9455147671151241e-001
-3.2908163299999998e-001	6.9790462950365517e-001
-3.2904187869088780e-001	6.9792101986300292e-001
-3.2896491062542044e-001	6.9795918400000001e-001
-3.2102569764794836e-001	7.0247038401150363e-001
-3.1632653100000002e-001	7.0583226644630925e-001
-3.1385850198821930e-001	7.0783477413321105e-001
-3.1143925311256304e-001	7.1020408199999996e-001
-3.0776675129386410e-001	7.1423159142842252e-001
-3.0357142900000000e-001	7.1934449584667215e-001
-3.0222080334782736e-001	7.2115237936544307e-001
-3.0140020978872084e-001	7.2244898000000002e-001
-2.9750982121192138e-001	7.2887473448542606e-001
-2.9459222147324776e-001	7.3469387799999997e-001
-2.9353366100494499e-001	7.3730251866179031e-001
-2.9081632699999999e-001	7.4387594677328428e-001
-2.8998956810875715e-001	7.4614508745922148e-001
-2.8975098949051725e-001	7.4693877600000003e-001
-2.8717431281158967e-001	7.5568734035628338e-001
-2.8639610211278821e-001	7.5918367399999998e-001
-2.8506426208386937e-001	7.6590658964443770e-001
-2.8422952302671456e-001	7.7142857200000003e-001
-2.8361221678718918e-001	7.7675752415051735e-001
-2.8305214982951221e-001	7.8367346999999998e-001
-2.8285791624259399e-001	7.8827829324691445e-001
-2.8285223375947677e-001	7.9591836699999996e-001
-2.8306866919612739e-001	8.0072551345968890e-001
-2.8394633276851300e-001	8.0816326500000002e-001
-2.8567729060047042e-001	8.1547468802421952e-001
-2.8750638895910829e-001	8.2040816299999997e-001
-2.9081632699999999e-001	8.2571483679514279e-001
-2.9763573766528373e-001	8.3265306100000003e-001
-3.0357142900000000e-001	8.3667502721440901e-001
-3.0784853841626603e-001	8.4489795899999998e-001
-3.0775316915948775e-001	8.4891242957933610e-001
-3.0357142900000000e-001	8.4984080987358535e-001
-2.9851980755496332e-001	8.5229330038108109e-001
-2.9530846466669042e-001	8.5714285700000004e-001
-2.9456899299460371e-001	8.6074541637835633e-001
-2.9081632699999999e-001	8.6037724952946648e-001
-2.8337830622033677e-001	8.6224725500487198e-001
-2.7806122500000002e-001	8.6179187006176972e-001
-2.7130670089059966e-001	8.6290341181261121e-001
-2.6530612300000000e-001	8.6607473271819024e-001
-2.6332834415676798e-001	8.6748908729809260e-001
-2.6230650575695524e-001	8.6938775499999998e-001
-2.5909502481090801e-001	8.7566999869951578e-001
-2.5741728915973339e-001	8.8163265300000004e-001
-2.5671181741771210e-001	8.8562701758710005e-001
-2.5255102099999999e-001	8.8930561371468486e-001
-2.4915526256953352e-001	8.9061762314103232e-001
-2.3979591800000000e-001	8.9096332583356153e-001
-2.3537371628408771e-001	8.8963223732498808e-001
-2.2704081600000001e-001	8.8868965674995071e-001
-2.2175703883452680e-001	8.8880512488800589e-001
-2.1428571399999999e-001	8.9029586867013166e-001
-2.1137562764760104e-001	8.9108386808344497e-001
-2.0475838070817934e-001	8.9387755099999999e-001
-2.0281114311087992e-001	8.9510686087447622e-001
-2.0153061200000000e-001	8.9552825421268401e-001
-1.9476171927936481e-001	8.9962431194573567e-001
-1.8877551000000001e-001	9.0408502676166291e-001
-1.8759701155449771e-001	9.0499109048492632e-001
-1.8642360322543647e-001	9.0612244900000005e-001
-1.8135493490313581e-001	9.1124359486046846e-001
-1.7602040799999999e-001	9.1749413085291143e-001
-1.7561808077577726e-001	9.1798111286222273e-001
-1.7535441983008621e-001	9.1836734700000000e-001
-1.7057128095028795e-001	9.2538108299809951e-001
-1.6761299168377514e-001	9.3061224499999995e-001
-1.6622467779999417e-001	9.3345324194655555e-001
-1.6326530600000000e-001	9.3922247087386290e-001
-1.6208360268297467e-001	9.4172270780824396e-001
-1.6160794856978419e-001	9.4285714300000001e-001
-1.5853720928808751e-001	9.5056306812690938e-001
-1.5701612995713257e-001	9.5510204099999996e-001
-1.5560963290654056e-001	9.5999749278226254e-001
-1.5414695226106540e-001	9.6734693900000002e-001
-1.5375279370116521e-001	9.7045982513345619e-001
-1.5426544937774384e-001	9.7959183699999997e-001
-1.5548088604933380e-001	9.8436369179853656e-001
-1.5924848380077272e-001	9.9183673500000002e-001
-1.6326530600000000e-001	9.9683188450593652e-001
-1.7240608586839834e-001	1.0040816330000000e+000
-1.7602040799999999e-001	1.0057561046196091e+000
-1.8807970821919320e-001	1.0163265310000000e+000
-1.8732492789502247e-001	1.0271788701701237e+000
-1.8619425227977437e-001	1.0285714290000001e+000
-1.8482157599249327e-001	1.0370205503279946e+000
-1.8552953275023001e-001	1.0408163269999999e+000
-1.8877551000000001e-001	1.0480580795636141e+000
-1.9051378701420962e-001	1.0530612250000000e+000
-1.9008095803507188e-001	1.0543144551218568e+000
-1.8877551000000001e-001	1.0594736279968875e+000
-1.8712074173790552e-001	1.0637175454580108e+000
-1.8584475150931359e-001	1.0653061230000000e+000
-1.8442502705585234e-001	1.0733745573463320e+000
-1.8541231149511495e-001	1.0775510210000001e+000
-1.8877551000000001e-001	1.0826245300934836e+000
-1.9630099909486023e-001	1.0897959189999999e+000
-2.0153061200000000e-001	1.0950185964635069e+000
-2.0930539750300092e-001	1.1020408159999999e+000
-2.1428571399999999e-001	1.1087494580565773e+000
-2.2369666541114241e-001	1.1142857140000000e+000
-2.2065482439480477e-001	1.1204000600189596e+000
-2.1428571399999999e-001	1.1201752850093372e+000
-2.0557258679813586e-001	1.1142857140000000e+000
-2.0153061200000000e-001	1.1096410044904601e+000
-1.8944831541229676e-001	1.1026867092000248e+000
-1.8877551000000001e-001	1.1058217083466488e+000
-1.8769329268805029e-001	1.1020408159999999e+000
-1.7602040799999999e-001	1.0981848149089575e+000
-1.7273212103305252e-001	1.0988840607489079e+000
-1.6548256068554215e-001	1.1020408159999999e+000
-1.6823135000966563e-001	1.1068082182804260e+000
-1.6326530600000000e-001	1.1072803515088763e+000
-1.5480984416172439e-001	1.1020408159999999e+000
-1.5777393382814695e-001	1.0967690991111028e+000
-1.5954264512103089e-001	1.0897959189999999e+000
-1.6137803362130054e-001	1.0879841375046115e+000
-1.6326530600000000e-001	1.0796337231943334e+000
-1.6376786274304866e-001	1.0780334754764789e+000
-1.6416424874911695e-001	1.0775510210000001e+000
-1.6326530600000000e-001	1.0675193517420596e+000
-1.6144262817970592e-001	1.0653061230000000e+000
-1.5051020400000001e-001	1.0586496409586612e+000
-1.3863084688178628e-001	1.0530612250000000e+000
-1.3775510199999999e-001	1.0497499643878738e+000
-1.3582981978025976e-001	1.0408163269999999e+000
-1.2500000000000000e-001	1.0297263617549861e+000
-1.2369931049315613e-001	1.0285714290000001e+000
-1.2005955544188684e-001	1.0238286021932250e+000
-1.1664169490323711e-001	1.0163265310000000e+000
-1.1250319676960106e-001	1.0043295998204371e+000
-1.1237970417099517e-001	1.0040816330000000e+000
-1.1224489800000000e-001	1.0038179961219105e+000
-1.0356235430562979e-001	9.9574639099894768e-001
-9.9489796000000005e-002	9.9463295628316484e-001
-8.9064320325209195e-002	9.9407317628681235e-001
-8.6734694000000001e-002	9.9501186824176857e-001
-7.9932285895802396e-002	9.9755132117730572e-001
-7.3979591999999997e-002	1.0006177943992545e+000
-7.1798738505130064e-002	1.0019880136312465e+000
-6.5056084705831185e-002	1.0040816330000000e+000
-6.1814271928933774e-002	1.0046478236554754e+000
-6.1224489999999999e-002	1.0048405676401884e+000
-5.6189966538386260e-002	1.0040816330000000e+000
-4.8469388000000002e-002	1.0027378188971723e+000
-4.6824411835873977e-002	1.0025024558721216e+000
-3.8776861930667303e-002	1.0040816330000000e+000
-3.7798122316171169e-002	1.0060821158765942e+000
-3.5714285999999998e-002	1.0063745813909004e+000
-3.0188369168102382e-002	1.0110216508067198e+000
-2.6496705466742904e-002	1.0163265310000000e+000
-2.7223580754122838e-002	1.0204203519107042e+000
-2.2959184000000001e-002	1.0207809442775990e+000
-1.8820885683970910e-002	1.0245986625906567e+000
-1.8396297242859128e-002	1.0285714290000001e+000
-1.6602156563345852e-002	1.0347135806209407e+000
-1.0204082000000000e-002	1.0343786380217257e+000
-4.4371639803264407e-003	1.0285714290000001e+000
-8.5833063815566150e-003	1.0270154843961290e+000
-5.7856194542258155e-003	1.0163265310000000e+000
2.5510200000000002e-003	1.0069485233962896e+000
7.9435516950181508e-003	1.0040816330000000e+000
7.3760071105392457e-003	9.9944964534362002e-001
2.5510200000000002e-003	1.0028778665800311e+000
-3.9457832296019932e-003	9.9807366614116577e-001
-1.0204082000000000e-002	9.9648563301006199e-001
-1.3054882563749905e-002	9.9457350355908014e-001
-1.3732882025722421e-002	9.9183673500000002e-001
-1.5907378936290878e-002	9.8506700209461040e-001
-1.7802635910867969e-002	9.7959183699999997e-001
-1.9414895546279110e-002	9.7618932006219816e-001
-2.2959184000000001e-002	9.7474884858051603e-001
-2.8034316150157897e-002	9.7221906589598284e-001
-3.5714285999999998e-002	9.6780627356408178e-001
-3.6069745263757079e-002	9.6768817989543632e-001
-3.6479542408751453e-002	9.6734693900000002e-001
-4.2524439652661533e-002	9.6163978854926846e-001
-4.6551294074462804e-002	9.5510204099999996e-001
-4.7114961752154710e-002	9.5380179179357349e-001
-4.8469388000000002e-002	9.5042557327459654e-001
-4.9844385549504724e-002	9.4417714065614855e-001
-5.0009460256140864e-002	9.4285714300000001e-001
-5.0183556198588539e-002	9.3225784648139620e-001
-5.0105321701402292e-002	9.3061224499999995e-001
-4.8469388000000002e-002	9.1926932529783079e-001
-4.8260538680067508e-002	9.1836734700000000e-001
-4.8235049054244285e-002	9.1814238161060480e-001
-4.4662582372109710e-002	9.0612244900000005e-001
-4.2099475330368827e-002	9.0000733279720202e-001
-3.8774664533415187e-002	8.9387755099999999e-001
-3.5714285999999998e-002	8.8939821330542013e-001
-2.9016920937925808e-002	8.8163265300000004e-001
-2.2959184000000001e-002	8.7631859625028108e-001
-1.1587328803953429e-002	8.6938775499999998e-001
-1.0204082000000000e-002	8.6874029606548819e-001
-9.1492988518922652e-003	8.6837516317120100e-001
2.5510200000000002e-003	8.6567063866681304e-001
6.0255546944620658e-003	8.6605220167152419e-001
1.5306122000000000e-002	8.6916406336823837e-001
1.5460572585983936e-002	8.6923948243648674e-001
1.5526223262032339e-002	8.6938775499999998e-001
2.3927154046223458e-002	8.7335646218155438e-001
2.8061223999999999e-002	8.7396762518459603e-001
3.2223952540981197e-002	8.6938775499999998e-001
3.3529682253516650e-002	8.6413803504232589e-001
3.5458908910613852e-002	8.5714285700000004e-001
3.4273836455400351e-002	8.5117874900385027e-001
3.1799617374358394e-002	8.4489795899999998e-001
3.0281576238489136e-002	8.4276642083712439e-001
3.2111470337115755e-002	8.3265306100000003e-001
4.0816326000000000e-002	8.2184480910973490e-001
4.2394546322819075e-002	8.2040816299999997e-001
4.2894097322756237e-002	8.1841350251712219e-001
4.2391899670972649e-002	8.0816326500000002e-001
4.1646309584068252e-002	8.0736648075408879e-001
4.0816326000000000e-002	8.0610331611075869e-001
3.6632721535378172e-002	7.9993462731227649e-001
3.4431007887854560e-002	7.9591836699999996e-001
3.2641074094034481e-002	7.9152171124006232e-001
3.0737940587198878e-002	7.8367346999999998e-001
3.0242175707025573e-002	7.8157975634757648e-001
2.9358295468053599e-002	7.7142857200000003e-001
2.9220123160976018e-002	7.7031602879819439e-001
2.9390307329944427e-002	7.5918367399999998e-001
2.9380480057462202e-002	7.5791718817656184e-001
3.0580654794576993e-002	7.4693877600000003e-001
3.0934343309208467e-002	7.4418058144513966e-001
3.3006510432253583e-002	7.3469387799999997e-001
3.4941848119221797e-002	7.2808847880239180e-001
3.6990794897896896e-002	7.2244898000000002e-001
4.0816326000000000e-002	7.1424943949255149e-001
4.3124476379330520e-002	7.1020408199999996e-001
4.7466151377236213e-002	7.0382024959614553e-001
5.2480052945302613e-002	6.9795918400000001e-001
5.3571427999999997e-002	6.9684335640095807e-001
6.1890131397953754e-002	6.8997322868578947e-001
6.6326529999999995e-002	6.8730083370103789e-001
6.9431974193303325e-002	6.8571428599999995e-001
7.9081632999999998e-002	6.8249661115981963e-001
8.3044592006419130e-002	6.8190984532898191e-001
9.1836735000000003e-002	6.8171984737024582e-001
9.5403985703077274e-002	6.8228972530267196e-001
1.0459183699999999e-001	6.8486467448496025e-001
1.0516821783597499e-001	6.8516096039384888e-001
1.0652262567549897e-001	6.8571428599999995e-001
1.1367558771122910e-001	6.8923878326024679e-001
1.1734693900000000e-001	6.9135792340154734e-001
1.2189823328477414e-001	6.9358994145807107e-001
1.3010204100000000e-001	6.9543951047545893e-001
1.3289218051284044e-001	6.9528065005017337e-001
1.4285714299999999e-001	6.9004576635941195e-001
1.4686605258766713e-001	6.8571428599999995e-001
1.5561224500000001e-001	6.7851700755205802e-001
1.6287603853474927e-001	6.7346938800000000e-001
1.6836734700000000e-001	6.6820823772967985e-001
1.7298546481016264e-001	6.6122449000000005e-001
1.7651861599775392e-001	6.5339927171103152e-001
1.7824382429606669e-001	6.4897959199999999e-001
1.8112244899999999e-001	6.4258572822729865e-001
1.8458179978441813e-001	6.3673469400000005e-001
1.9387755100000001e-001	6.2751778741190689e-001
1.9910428648452999e-001	6.2448979599999999e-001
2.0663265300000000e-001	6.2195724609682723e-001
2.0973944750743417e-001	6.2150727325337740e-001
2.1938775499999999e-001	6.2128141477689092e-001
2.2226493293832639e-001	6.2172770516116094e-001
2.3214285700000001e-001	6.2406860432595113e-001
2.3245726243138795e-001	6.2418796678389565e-001
2.3336386790935895e-001	6.2448979599999999e-001
2.4181416180414952e-001	6.2745024132735805e-001
2.4489795900000000e-001	6.2858095543280235e-001
2.5142593507240280e-001	6.3046783692954989e-001
2.5765306100000002e-001	6.3167034368247466e-001
2.6246355919729580e-001	6.3211661570042466e-001
2.7040816299999998e-001	6.3189123720912077e-001
2.7622665288979820e-001	6.3114894366930008e-001
2.8316326500000000e-001	6.3004010565202562e-001
2.9114122650648377e-001	6.2907585090373785e-001
2.9591836700000002e-001	6.2884923943060966e-001
3.0339166721272959e-001	6.2956032574890708e-001
3.0867346899999998e-001	6.3083599304473714e-001
3.1311911155298167e-001	6.3246687712125449e-001
3.2053375613015456e-001	6.3673469400000005e-001
3.2096035865665229e-001	6.3718417785255055e-001
3.2142857100000000e-001	6.3739551275586437e-001
3.2801818384727199e-001	6.4265356362528880e-001
3.3404267366417889e-001	6.4897959199999999e-001
3.3405870405803356e-001	6.4909956218507159e-001
3.3418367300000001e-001	6.4916847995098725e-001
3.3913739129761478e-001	6.5646892040322014e-001
3.4118289757534870e-001	6.6122449000000005e-001
3.4251850421766178e-001	6.6546794997876868e-001
3.4625154556276760e-001	6.7346938800000000e-001
3.4554301581622460e-001	6.7480931682517853e-001
3.4693877499999998e-001	6.7474184327156739e-001
3.4986258652031099e-001	6.8290742692216322e-001
3.4987807096972701e-001	6.8571428599999995e-001
3.4693877499999998e-001	6.9477005540400538e-001
3.4325796255542729e-001	6.9795918400000001e-001
3.4106164206207412e-001	7.0360123165727018e-001
3.4693877499999998e-001	7.0408697127201858e-001
3.5356497133178943e-001	7.0384293347992255e-001
3.5969387700000000e-001	7.0385886290169308e-001
3.6477250467457523e-001	6.9795918400000001e-001
3.6438409145893469e-001	6.9345657809000572e-001
3.6951339541939088e-001	6.8571428599999995e-001
3.7244897900000001e-001	6.8409758734787540e-001
3.8091868146086727e-001	6.7346938800000000e-001
3.8232575450085238e-001	6.6398768345723458e-001
3.8132089694171772e-001	6.6122449000000005e-001
3.7866322642538758e-001	6.5525881243265216e-001
3.7713820205138282e-001	6.4897959199999999e-001
3.7620668381797728e-001	6.4537219535117352e-001
3.7829342967638174e-001	6.3673469400000005e-001
3.8520408099999998e-001	6.2573265466298333e-001
3.8622789917652361e-001	6.2448979599999999e-001
3.9795918400000002e-001	6.1767076920293529e-001
4.0418942851826800e-001	6.1850876122338661e-001
4.1071428599999998e-001	6.2215073526580256e-001
4.1749277027852183e-001	6.1224489800000004e-001
4.1755697546515735e-001	6.0567591607053162e-001
4.1643909064927292e-001	5.9999999999999998e-001
4.1562935841437609e-001	5.9528153045137167e-001
4.1071428599999998e-001	5.9738116079602266e-001
4.0430012958859152e-001	5.9391269219518172e-001
4.0152242136912725e-001	5.8775510200000003e-001
4.0074310127417273e-001	5.8508254139933347e-001
4.0489088098446413e-001	5.7551020399999997e-001
4.0809424016540619e-001	5.6578055001764294e-001
4.0784127510488438e-001	5.6326530600000002e-001
4.0495555004618455e-001	5.5654879455178163e-001
3.9795918400000002e-001	5.5197076562580294e-001
3.9650333623844691e-001	5.5241802175064902e-001
3.9259205691957055e-001	5.5102040799999996e-001
3.8876261004613377e-001	5.4760422036122147e-001
3.8520408099999998e-001	5.4733735439684994e-001
3.8110705089237462e-001	5.4270865892901687e-001
3.7980898297088139e-001	5.3877551000000001e-001
3.7857498325120809e-001	5.3289454588041796e-001
3.7784969493248799e-001	5.2653061199999995e-001
3.7740453674550734e-001	5.2177327653323169e-001
3.7557382319431870e-001	5.1428571400000000e-001
3.7484837014054395e-001	5.1198229849002885e-001
3.7244897900000001e-001	5.0787485331719551e-001
3.7016853740201350e-001	5.0423003994836990e-001
3.6879664465034961e-001	5.0204081599999995e-001
3.6546124814813929e-001	4.9650413966161328e-001
3.6202804373587871e-001	4.8979591800000000e-001
3.6126383555238023e-001	4.8828875790295295e-001
3.5969387700000000e-001	4.8391513171841161e-001
3.5859099591814242e-001	4.7860978675903471e-001
3.5843405797319094e-001	4.7755102100000002e-001
3.5886275764820552e-001	4.6610399758293547e-001
3.5897104324297074e-001	4.6530612300000002e-001
3.5969387700000000e-001	4.6201832611153842e-001
3.6255379735228133e-001	4.5306122500000001e-001
3.6420243104141881e-001	4.4873301309196029e-001
3.6788238786421601e-001	4.4081632700000001e-001
3.7244897900000001e-001	4.3231429244977115e-001
3.7465360833180528e-001	4.2857142900000000e-001
3.7765120683226183e-001	4.2357729024840030e-001
3.8261552628268058e-001	4.1632653100000000e-001
3.8520408099999998e-001	4.1298414988620041e-001
3.9396659337745188e-001	4.0408163300000000e-001
3.9795918400000002e-001	4.0107047281829178e-001
4.0488352869792971e-001	3.9743426204655796e-001
4.1071428599999998e-001	3.9574242391155307e-001
4.2003089845717101e-001	3.9513768498268198e-001
4.2346938800000000e-001	3.9600827699442170e-001
4.2944156520324006e-001	3.9834834284743204e-001
4.3622449000000002e-001	4.0399297873226758e-001
4.3626833429592621e-001	4.0403954247563589e-001
4.3627677572521273e-001	4.0408163300000000e-001
4.4188519218187405e-001	4.1089225686989694e-001
4.4897959199999998e-001	4.1298376970526995e-001
4.5871695552197000e-001	4.0408163300000000e-001
4.6173469400000000e-001	3.9844026708718161e-001
4.6776585906596568e-001	3.9183673499999999e-001
4.6743842976806682e-001	3.8636114862688198e-001
4.6675095924976640e-001	3.7959183699999999e-001
4.6462501698920200e-001	3.7681712691223801e-001
4.6173469400000000e-001	3.7538559222826418e-001
4.5989535814187404e-001	3.6911270143533720e-001
4.5963099660795032e-001	3.6734693899999998e-001
4.6173469400000000e-001	3.6443278938039386e-001
4.7038196702626489e-001	3.5510204099999998e-001
4.6935379332918592e-001	3.4778770559619460e-001
4.6820971153595869e-001	3.4285714299999998e-001
4.6719763300292128e-001	3.3761272152293204e-001
4.6547493616621516e-001	3.3061224500000003e-001
4.6648130141495836e-001	3.2605550185186927e-001
4.6173469400000000e-001	3.2780163300184384e-001
4.5617195285415768e-001	3.2370757853489818e-001
4.5160857467096827e-001	3.1836734700000002e-001
4.5242694060358213e-001	3.1505789231893938e-001
4.4897959199999998e-001	3.1738998589214995e-001
4.4273510862824628e-001	3.1211715307604904e-001
4.3622449000000002e-001	3.0740744858476743e-001
4.3528502124304874e-001	3.0702433901256559e-001
4.3410421243390185e-001	3.0612244900000002e-001
4.2840839145090559e-001	3.0138100565615322e-001
4.2346938800000000e-001	2.9656813373894514e-001
4.2219768935196145e-001	2.9509838171009312e-001
4.2144900970536137e-001	2.9387755100000001e-001
4.1844230397639859e-001	2.8645865369418722e-001
4.1775142521746766e-001	2.8163265300000001e-001
4.1876673574616996e-001	2.7390230119317183e-001
4.2041530432947405e-001	2.6938775500000001e-001
4.2346938800000000e-001	2.6513664239788215e-001
4.3522241263485362e-001	2.5714285700000000e-001
4.3622449000000002e-001	2.5683424040158687e-001
4.3643675051530917e-001	2.5693908690397188e-001
4.4897959199999998e-001	2.4622596542943787e-001
4.5240131339956247e-001	2.4489795900000000e-001
4.5319943639035121e-001	2.4084690835879596e-001
4.5337416296134669e-001	2.3265306099999999e-001
4.5333946696487004e-001	2.2846758100637959e-001
4.4897959199999998e-001	2.2793759327223756e-001
4.4656987558536271e-001	2.2272149077316558e-001
4.4645013609652506e-001	2.2040816299999999e-001
4.4638723456421292e-001	2.1065192815461484e-001
4.4607087938225121e-001	2.0816326499999999e-001
4.4255887940106781e-001	2.0208225113524564e-001
4.3938307482603606e-001	1.9591836700000001e-001
4.4001884424508197e-001	1.9227578690092312e-001
4.3622449000000002e-001	1.9457813418624131e-001
4.2939322153551501e-001	1.9023148676875132e-001
4.2346938800000000e-001	1.8691572446567448e-001
4.2131605399574562e-001	1.8574066965758998e-001
4.1993320844674731e-001	1.8367346900000001e-001
4.1713567203505431e-001	1.7750893886950958e-001
4.1678999117558435e-001	1.7142857200000000e-001
4.1800895171086561e-001	1.6442569287181688e-001
4.1955891012665236e-001	1.5918367400000000e-001
4.1974500896924050e-001	1.5051417989288843e-001
4.1890023282488004e-001	1.4693877599999999e-001
4.1702453918178539e-001	1.4088093290590811e-001
4.1547769775554189e-001	1.3469387799999999e-001
4.1509691886246836e-001	1.3048655042454244e-001
4.1071428599999998e-001	1.2776606112894290e-001
4.0726213960995983e-001	1.2576304055609042e-001
4.0408215626314997e-001	1.2244898000000000e-001
4.0188144664617587e-001	1.1868360783507073e-001
3.9795918400000002e-001	1.1676603299229549e-001
3.9502884469552635e-001	1.1301720753012477e-001
3.9427395839839940e-001	1.1020408199999999e-001
3.9227006071530091e-001	1.0342074196080711e-001
3.9104968276196217e-001	9.7959184000000005e-002
3.8989606158624163e-001	9.3454882960917141e-002
3.8520408099999998e-001	8.7510833497302223e-002
3.8420298727066171e-001	8.6675335986443600e-002
3.8341366322104758e-001	8.5714286000000001e-002
3.7838578864120020e-001	8.0014948707212125e-002
3.7283519285853939e-001	7.3469387999999997e-002
3.7286895160790051e-001	7.3066214293781448e-002
3.7244897900000001e-001	7.3074540501815666e-002
3.6741219980754403e-001	6.6059798056348415e-002
3.6454734315020054e-001	6.1224489999999999e-002
3.6290534400949936e-001	5.8141481650738291e-002
3.5969387700000000e-001	5.4683448833039133e-002
3.5694112019682173e-001	5.1622238548316428e-002
3.5491044327732801e-001	4.8979592000000002e-002
3.5142919419132707e-001	4.4668789548162099e-002
3.4693877499999998e-001	3.9881080975477150e-002
3.4536710639952944e-001	3.8243495866309221e-002
3.4417138737656428e-001	3.6734693999999998e-002
3.4001973024981880e-001	3.1132079003570200e-002
3.3596975780984484e-001	2.4489796000000001e-002
3.3537403346431394e-001	2.3347049946792691e-002
3.3418367300000001e-001	2.1118893342035219e-002
3.3167709185165739e-001	1.4651215918130194e-002
3.3100112129736048e-001	1.2244898000000001e-002
3.2968837268792500e-001	4.3154883277865298e-003
3.2947926510475423e-001	0.0000000000000000e+000
3.3024923442396437e-001	-8.4678369423289851e-003
3.3100112129736048e-001	-1.2244898000000001e-002
3.3418367300000001e-001	-2.1118893342035219e-002
3.3596975780984484e-001	-2.4489796000000001e-002
3.3800752515387011e-001	-2.8160694091698510e-002
3.4417138737656428e-001	-3.6734693999999998e-002
3.4693877499999998e-001	-3.9881080975477157e-002
3.5491044327732801e-001	-4.8979592000000002e-002
3.5969387700000000e-001	-5.4683448833039133e-002
3.6454734315020054e-001	-6.1224489999999999e-002
3.7244897900000001e-001	-7.3074540501815666e-002
3.7283519285853939e-001	-7.3469387999999997e-002
3.7369448381029635e-001	-7.4665072625696299e-002
3.8341366322104758e-001	-8.5714286000000001e-002
3.8520408099999998e-001	-8.7510833497302223e-002
3.9104968276196217e-001	-9.7959184000000005e-002
3.9310674833948400e-001	-1.0554574410068385e-001
3.9427395839839940e-001	-1.1020408199999999e-001
3.9795918400000002e-001	-1.1676603299229549e-001
4.0408215626314997e-001	-1.2244898000000000e-001
4.1071428599999998e-001	-1.2776606114013545e-001
4.1547769747387109e-001	-1.3469387699999999e-001
4.1692332338095844e-001	-1.4065455292466317e-001
4.1890023248460173e-001	-1.4693877499999999e-001
4.2041851089955151e-001	-1.5625483096443435e-001
4.1955891037752546e-001	-1.5918367300000000e-001
4.1783866646227197e-001	-1.6602307828846521e-001
4.1678999125554012e-001	-1.7142857100000000e-001
4.1719016299535705e-001	-1.7764541295615949e-001
4.1993320844674731e-001	-1.8367346900000001e-001
4.2346938800000000e-001	-1.8691572446567445e-001
4.3270116591655305e-001	-1.9253597585779264e-001
4.3622449000000002e-001	-1.9457813418624131e-001
4.3938307482603606e-001	-1.9591836700000001e-001
4.4223960923784073e-001	-2.0169288160037102e-001
4.4607087951785851e-001	-2.0816326520000000e-001
4.4716132205462966e-001	-2.1866262404104037e-001
4.4645013608469203e-001	-2.2040816320000001e-001
4.4897959199999998e-001	-2.2793759325329194e-001
4.5337416297828459e-001	-2.3265306120000001e-001
4.5360670264636871e-001	-2.3709508741325869e-001
4.5240131338121914e-001	-2.4489795910000001e-001
4.5244065757366514e-001	-2.4822058207242631e-001
4.4897959199999998e-001	-2.4622596541102079e-001
4.4408673096563567e-001	-2.5244571047632225e-001
4.3622449000000002e-001	-2.5683424040744690e-001
4.3587990697561674e-001	-2.5681205739443086e-001
4.3522241234774151e-001	-2.5714285710000001e-001
4.2801321264223668e-001	-2.6150492874942249e-001
4.2346938800000000e-001	-2.6513664239507523e-001
4.2145550157723866e-001	-2.6745442403730685e-001
4.2041530432947405e-001	-2.6938775500000001e-001
4.1809511359688745e-001	-2.7647334953930452e-001
4.1775142521746766e-001	-2.8163265300000001e-001
4.1983662017410639e-001	-2.9039009386435749e-001
4.2144900970536137e-001	-2.9387755100000001e-001
4.2346938800000000e-001	-2.9656813374084845e-001
4.3410421228143836e-001	-3.0612244890000001e-001
4.3622449000000002e-001	-3.0740744858363822e-001
4.4085297694386588e-001	-3.1056579639514109e-001
4.4897959199999998e-001	-3.1738998589455536e-001
4.5160857455606240e-001	-3.1836734690000001e-001
4.6173469400000000e-001	-3.2780163300836584e-001
4.6547493614639401e-001	-3.3061224480000001e-001
4.6313858470744090e-001	-3.3195997988794851e-001
4.6820971143337575e-001	-3.4285714280000001e-001
4.7025904824088810e-001	-3.5104052292471727e-001
4.7038196705616120e-001	-3.5510204080000002e-001
4.6764257877188153e-001	-3.6077361017174270e-001
4.6173469400000000e-001	-3.6443278937387824e-001
4.6005841956881977e-001	-3.6573771524869536e-001
4.5963099669663776e-001	-3.6734693870000001e-001
4.6173469400000000e-001	-3.7538559223162538e-001
4.6675095918859233e-001	-3.7959183670000002e-001
4.6764735886447217e-001	-3.8526799496062225e-001
4.6776585906566959e-001	-3.9183673460000001e-001
4.6766197474340510e-001	-3.9752692415084478e-001
4.6173469400000000e-001	-3.9844026714697556e-001
4.5810359650866239e-001	-4.0059577898554166e-001
4.5871695558615744e-001	-4.0408163260000002e-001
4.5535180434710193e-001	-4.1019895649318439e-001
4.4897959199999998e-001	-4.1298376962653094e-001
4.3627677544055105e-001	-4.0408163260000002e-001
4.3622449000000002e-001	-4.0399297881479351e-001
4.3321098152066906e-001	-4.0118866444094159e-001
4.2346938800000000e-001	-3.9600827697182628e-001
4.1424249159266513e-001	-3.9522381199108747e-001
4.1071428599999998e-001	-3.9574242390114012e-001
4.0413993884241473e-001	-3.9777025928748388e-001
3.9795918400000002e-001	-4.0107047281737535e-001
3.9608238829630654e-001	-4.0227990885393816e-001
3.9396659386660915e-001	-4.0408163260000002e-001
3.8961749902035858e-001	-4.0831851359505372e-001
3.8520408099999998e-001	-4.1298414988477394e-001
3.8362553388804171e-001	-4.1481112536261944e-001
3.8261552657995734e-001	-4.1632653060000002e-001
3.7857667839921472e-001	-4.2220912201363792e-001
3.7465360862680869e-001	-4.2857142850000002e-001
3.7403406954915552e-001	-4.3009311543713102e-001
3.7244897900000001e-001	-4.3231429245155417e-001
3.6931274372985773e-001	-4.3780554062099297e-001
3.6788238811239649e-001	-4.4081632650000002e-001
3.6536028347608701e-001	-4.4625607670815864e-001
3.6255379757565875e-001	-4.5306122440000002e-001
3.6188074810439752e-001	-4.5516062067393775e-001
3.5969387700000000e-001	-4.6201832611745253e-001
3.5908162108749181e-001	-4.6471835672015205e-001
3.5897104335197899e-001	-4.6530612240000002e-001
3.5835211385476984e-001	-4.7626292777216356e-001
3.5843405790945887e-001	-4.7755102040000003e-001
3.5969387700000000e-001	-4.8391513171939415e-001
3.6202804387260595e-001	-4.8979591830000002e-001
3.6403720562470065e-001	-4.9396551380695397e-001
3.6879664483882457e-001	-5.0204081629999997e-001
3.7244897900000001e-001	-5.0787485330718207e-001
3.7557382326082617e-001	-5.1428571420000002e-001
3.7638183837138195e-001	-5.1806125922119350e-001
3.7784969495213461e-001	-5.2653061219999997e-001
3.7840036787464115e-001	-5.3224394555698262e-001
3.7980898303448068e-001	-5.3877551020000003e-001
3.8520408099999998e-001	-5.4733735439361031e-001
3.9259205725930191e-001	-5.5102040809999997e-001
3.9795918400000002e-001	-5.5197076563075786e-001
4.0784127515481883e-001	-5.6326530610000003e-001
4.0707227185675732e-001	-5.7201387042819773e-001
4.0489088098446413e-001	-5.7551020399999997e-001
4.0199827166111346e-001	-5.7938772818000206e-001
4.0152242136912725e-001	-5.8775510200000003e-001
4.1071428599999998e-001	-5.9738116079602277e-001
4.1643909064927292e-001	-5.9999999999999998e-001
4.1792116476669072e-001	-6.0691860360472272e-001
4.1749277029545884e-001	-6.1224489790000003e-001
4.1728511078714525e-001	-6.1855288973687161e-001
4.1071428599999998e-001	-6.2215073533022047e-001
4.0466931970514619e-001	-6.1868662821902631e-001
3.9795918400000002e-001	-6.1767076918893471e-001
3.9239847255613181e-001	-6.1915151329753115e-001
3.8622789926172946e-001	-6.2448979589999998e-001
3.8810595125996378e-001	-6.2727559112660880e-001
3.8520408099999998e-001	-6.2573265466407946e-001
3.8029234826427338e-001	-6.3201943038140407e-001
3.7829342975295310e-001	-6.3673469380000003e-001
3.7730053202185482e-001	-6.4139218473140958e-001
3.7713820201839277e-001	-6.4897959179999998e-001
3.7846612831481363e-001	-6.5475605517996061e-001
3.8132089681375642e-001	-6.6122448979999993e-001
3.8173106443961857e-001	-6.7013529180747955e-001
3.8091868155457959e-001	-6.7346938769999998e-001
3.7972221236473047e-001	-6.8045169177575904e-001
3.7244897900000001e-001	-6.8409758742886528e-001
3.7097402518183908e-001	-6.8429833002531459e-001
3.6951339600626487e-001	-6.8571428570000004e-001
3.6598823583685147e-001	-6.9175687017350795e-001
3.6477250474522804e-001	-6.9795918360000009e-001
3.6587004988692656e-001	-7.0388830961018645e-001
3.5969387700000000e-001	-7.0385886257578778e-001
3.5321231165671269e-001	-7.0398177882979185e-001
3.4693877499999998e-001	-7.0408697095357797e-001
3.4325796271709613e-001	-6.9795918360000009e-001
3.4604979198438091e-001	-6.9710575990639967e-001
3.4693877499999998e-001	-6.9477005539187409e-001
3.4940105038873304e-001	-6.8807807006932287e-001
3.4987807097631601e-001	-6.8571428570000004e-001
3.4693877499999998e-001	-6.7474184324856334e-001
3.4625154542571396e-001	-6.7346938769999998e-001
3.4602355714685684e-001	-6.7259077856241767e-001
3.4118289749026776e-001	-6.6122448979999993e-001
3.3418367300000001e-001	-6.4916847996279481e-001
3.3404267350471128e-001	-6.4897959179999998e-001
3.2142857100000000e-001	-6.3739551276439477e-001
3.2053375583696664e-001	-6.3673469380000003e-001
3.0867346899999998e-001	-6.3083599304081894e-001
3.0067628316641776e-001	-6.2905739541230066e-001
2.9591836700000002e-001	-6.2884923942481297e-001
2.8814516934154566e-001	-6.2927242406007222e-001
2.8316326500000000e-001	-6.3004010564587687e-001
2.7721262520765033e-001	-6.3102207960867496e-001
2.7040816299999998e-001	-6.3189123720577656e-001
2.6566943832990986e-001	-6.3218551812414381e-001
2.5765306100000002e-001	-6.3167034367866237e-001
2.5102746759402250e-001	-6.3037412414065053e-001
2.4489795900000000e-001	-6.2858095542663461e-001
2.3336386760928890e-001	-6.2448979589999998e-001
2.3214285700000001e-001	-6.2406860433004707e-001
2.3147954018067052e-001	-6.2385301174928331e-001
2.1938775499999999e-001	-6.2128141477644327e-001
2.1582052208805658e-001	-6.2106525228216070e-001
2.0663265300000000e-001	-6.2195724609708192e-001
2.0450386836159229e-001	-6.2244616263377672e-001
1.9910428670588848e-001	-6.2448979589999998e-001
1.9586569880757759e-001	-6.2639841779215710e-001
1.9387755100000001e-001	-6.2751778740957387e-001
1.8866918442408515e-001	-6.3173466189528837e-001
1.8458179992538237e-001	-6.3673469380000003e-001
1.8347700493451863e-001	-6.3899506751190571e-001
1.8112244899999999e-001	-6.4258572821951221e-001
1.7890745418534537e-001	-6.4685319676403907e-001
1.7824382437828901e-001	-6.4897959179999998e-001
1.7541559706826856e-001	-6.5574591190974441e-001
1.7298546491381023e-001	-6.6122448979999993e-001
1.7172224290080429e-001	-6.6444518985951162e-001
1.6836734700000000e-001	-6.6820823772137894e-001
1.6556735378639348e-001	-6.7078139421932803e-001
1.6287603891104596e-001	-6.7346938769999998e-001
1.5922213727783935e-001	-6.7693488430936699e-001
1.5561224500000001e-001	-6.7851700753300337e-001
1.5101384466048362e-001	-6.8129982134522316e-001
1.4686605286850768e-001	-6.8571428570000004e-001
1.4564979753060431e-001	-6.8839523404500125e-001
1.4285714299999999e-001	-6.9004576632550330e-001
1.3805941633427310e-001	-6.9335336600842501e-001
1.3010204100000000e-001	-6.9543951048764163e-001
1.2659439098999012e-001	-6.9459183959589055e-001
1.1734693900000000e-001	-6.9135792338133317e-001
1.0652262499586126e-001	-6.8571428570000004e-001
1.0459183699999999e-001	-6.8486467449729849e-001
1.0312963587377912e-001	-6.8431057260965711e-001
9.1836735000000003e-002	-6.8171984736689717e-001
8.7488002382040186e-002	-6.8153950235948335e-001
7.9081632999999998e-002	-6.8249661115889104e-001
7.6379402231144256e-002	-6.8312014434833079e-001
6.9431974852758593e-002	-6.8571428570000004e-001
6.7455120218704590e-002	-6.8679773222324458e-001
6.6326529999999995e-002	-6.8730083370230843e-001
5.9679113952949683e-002	-6.9157766420525491e-001
5.3571427999999997e-002	-6.9684335640267003e-001
5.2983689469193372e-002	-6.9739495461134726e-001
5.2480053329717079e-002	-6.9795918360000009e-001
4.7234742515437050e-002	-7.0412086349507597e-001
4.3124476622357549e-002	-7.1020408160000004e-001
4.2383831099297831e-002	-7.1170888650515729e-001
4.0816326000000000e-002	-7.1424943949288444e-001
3.8035883016492696e-002	-7.1977975431839403e-001
3.6990795059175324e-002	-7.2244897959999999e-001
3.4687399952052250e-002	-7.2881010850358030e-001
3.3006510560082483e-002	-7.3469387750000004e-001
3.2158561986687012e-002	-7.3862732199291814e-001
3.0580654867028451e-002	-7.4693877550000010e-001
3.0374441807927297e-002	-7.4915946459198313e-001
2.9390307360348384e-002	-7.5918367340000004e-001
2.9390898226545947e-002	-7.6046016066582389e-001
2.9358295438931689e-002	-7.7142857139999998e-001
2.9450276651112529e-002	-7.7276206195378017e-001
3.0737940474472494e-002	-7.8367346940000004e-001
3.1346038297102877e-002	-7.8682689112006821e-001
3.4431008022025561e-002	-7.9591836730000010e-001
4.0816326000000000e-002	-8.0610331611618524e-001
4.2391899834909624e-002	-8.0816326529999993e-001
4.4130759343936218e-002	-8.1134512130498171e-001
4.2394546193587491e-002	-8.2040816319999998e-001
4.2495775706462680e-002	-8.2202043492873766e-001
4.0816326000000000e-002	-8.2184480911886215e-001
3.5342024413179352e-002	-8.2739773164231734e-001
3.2111470246411908e-002	-8.3265306120000004e-001
3.1417298613325831e-002	-8.3587489284984218e-001
3.1799617447045875e-002	-8.4489795919999999e-001
3.4263532597461704e-002	-8.5085217544383807e-001
3.5458908904794487e-002	-8.5714285709999993e-001
3.4116559872490113e-002	-8.6295597957556958e-001
3.2223952519543478e-002	-8.6938775509999999e-001
3.2701752352514143e-002	-8.7384266231113727e-001
2.8061223999999999e-002	-8.7396762518833948e-001
1.5526223382958042e-002	-8.6938775509999999e-001
1.5306122000000000e-002	-8.6916406334872709e-001
1.4783952347336170e-002	-8.6888647223016768e-001
2.5510200000000002e-003	-8.6567063866865390e-001
-1.0296074433740659e-003	-8.6595035273190313e-001
-1.0204082000000000e-002	-8.6874029606265080e-001
-1.0687581847217818e-002	-8.6892359524363849e-001
-1.1587329018470838e-002	-8.6938775509999999e-001
-1.8641907033371069e-002	-8.7353234098119426e-001
-2.2959184000000001e-002	-8.7631859625075192e-001
-2.6055534523259129e-002	-8.7866015650252638e-001
-2.9016920937925808e-002	-8.8163265300000004e-001
-3.2014743853356328e-002	-8.8518421348398146e-001
-3.5714285999999998e-002	-8.8939821330542013e-001
-3.7678896534055512e-002	-8.9199152487498456e-001
-3.8774664533415187e-002	-8.9387755099999999e-001
-4.2094420641759313e-002	-8.9999751970389485e-001
-4.4662582372109683e-002	-9.0612244899999994e-001
-4.5542090842935645e-002	-9.0893265426619174e-001
-4.8260538657082498e-002	-9.1836734689999999e-001
-4.8294408643342009e-002	-9.1853532708348917e-001
-4.8469388000000002e-002	-9.1926932529592986e-001
-4.9962369354113023e-002	-9.2917898279068756e-001
-5.0105321693570556e-002	-9.3061224490000005e-001
-5.0097961200217013e-002	-9.4129371253034533e-001
-5.0009460278374288e-002	-9.4285714279999999e-001
-4.8469388000000002e-002	-9.5042557327593880e-001
-4.6551294170329688e-002	-9.5510204080000005e-001
-4.4987877129247525e-002	-9.5844429125775843e-001
-3.6479542712493401e-002	-9.6734693880000000e-001
-3.5714285999999998e-002	-9.6780627355582394e-001
-3.4471479056278322e-002	-9.6854003346402417e-001
-2.2959184000000001e-002	-9.7474884858513944e-001
-1.7802636075970255e-002	-9.7959183670000005e-001
-1.4454022410240411e-002	-9.8775679187951360e-001
-1.3732882158699739e-002	-9.9183673470000000e-001
-1.0204082000000000e-002	-9.9648563300946558e-001
-1.0401632629687618e-003	-1.0006340969605616e+000
2.5510200000000002e-003	-1.0028778666233993e+000
7.9435516950181508e-003	-1.0040816330000000e+000
8.5106556501769563e-003	-1.0098028832615487e+000
2.5510200000000002e-003	-1.0069485233962894e+000
-4.1245341164159403e-003	-1.0099179990063716e+000
-5.7856194542258155e-003	-1.0163265310000000e+000
-4.1771897223550816e-003	-1.0221123476243399e+000
-4.4371639803264407e-003	-1.0285714290000001e+000
-3.9268352700029697e-003	-1.0345975854080320e+000
-1.0204082000000000e-002	-1.0343786374496737e+000
-1.8396297242859128e-002	-1.0285714290000001e+000
-2.2959184000000001e-002	-1.0207809442775988e+000
-2.6496705466742904e-002	-1.0163265310000000e+000
-3.5714285999999998e-002	-1.0063745813909004e+000
-3.8776861930667303e-002	-1.0040816330000000e+000
-4.8469388000000002e-002	-1.0027378188907958e+000
-4.9498290815673938e-002	-1.0030938862662999e+000
-5.6189966538386260e-002	-1.0040816330000000e+000
-6.0701234361417146e-002	-1.0045839584163214e+000
-6.1224489999999999e-002	-1.0048405676401886e+000
-6.5056084705831185e-002	-1.0040816330000000e+000
-7.3979591999999997e-002	-1.0006177943847405e+000
-8.1392221496063094e-002	-9.9696550846294241e-001
-8.6734694000000001e-002	-9.9501186824844501e-001
-9.6913027211420824e-002	-9.9431043281380316e-001
-9.9489796000000005e-002	-9.9463295628986514e-001
-1.0633578695032952e-001	-9.9750948148372787e-001
-1.1224489800000000e-001	-1.0038179961214622e+000
-1.1235337448008471e-001	-1.0039774955758869e+000
-1.1237970417099517e-001	-1.0040816330000000e+000
-1.1602666037410803e-001	-1.0126960390971371e+000
-1.1664169490323711e-001	-1.0163265310000000e+000
-1.1887638137403445e-001	-1.0222052049193344e+000
-1.2369931049315613e-001	-1.0285714290000001e+000
-1.2255097116972907e-001	-1.0309224965004167e+000
-1.2500000000000000e-001	-1.0297263617275527e+000
-1.3148429092783567e-001	-1.0345914071769768e+000
-1.3582981942133773e-001	-1.0408163260000001e+000
-1.3375911848579786e-001	-1.0446524701986968e+000
-1.3775510199999999e-001	-1.0497499643787227e+000
-1.3883738983870253e-001	-1.0520222276680573e+000
-1.3863084619112290e-001	-1.0530612239999999e+000
-1.4492107525321496e-001	-1.0584267876319686e+000
-1.5051020400000001e-001	-1.0586496409729564e+000
-1.5602825751279559e-001	-1.0600087905931068e+000
-1.6144262741789001e-001	-1.0653061220000000e+000
-1.6067571990171423e-001	-1.0677921246705961e+000
-1.6326530600000000e-001	-1.0675193516993546e+000
-1.6466933309626647e-001	-1.0762031539787782e+000
-1.6416424903563037e-001	-1.0775510200000000e+000
-1.6326530600000000e-001	-1.0796337231672821e+000
-1.5954264532878226e-001	-1.0897959180000001e+000
-1.5908540580880601e-001	-1.0938086222097625e+000
-1.5480984416172439e-001	-1.1020408159999999e+000
-1.5686173882086010e-001	-1.1081882405321375e+000
-1.6326530600000000e-001	-1.1072803515088763e+000
-1.6548256068554215e-001	-1.1020408159999999e+000
-1.7602040799999999e-001	-1.0981848148220470e+000
-1.7996262458653867e-001	-1.0982562880521973e+000
-1.8769329268805029e-001	-1.1020408159999999e+000
-1.8432962800147196e-001	-1.1063088627464714e+000
-1.8877551000000001e-001	-1.1058217083466491e+000
-1.9576446745559728e-001	-1.1075763147987918e+000
-2.0153061200000000e-001	-1.1096410044904601e+000
-2.0930539750300092e-001	-1.1020408159999999e+000
-2.0684760602812513e-001	-1.0969365016996515e+000
-2.0153061200000000e-001	-1.0950185964480554e+000
-1.9882153324154112e-001	-1.0923966336251119e+000
-1.9630099808993923e-001	-1.0897959180000001e+000
-1.9308694663901432e-001	-1.0856569387995050e+000
-1.8877551000000001e-001	-1.0826245301263484e+000
-1.8636941736233661e-001	-1.0798608689472480e+000
-1.8541231104259570e-001	-1.0775510200000000e+000
-1.8427647030753697e-001	-1.0696252001329825e+000
-1.8584475197895384e-001	-1.0653061220000000e+000
-1.8877551000000001e-001	-1.0594736283318205e+000
-1.9051378697605370e-001	-1.0530612239999999e+000
-1.9032477169956424e-001	-1.0515739327587013e+000
-1.8877551000000001e-001	-1.0480580797966847e+000
-1.8670051442404015e-001	-1.0428083217659359e+000
-1.8552953239407616e-001	-1.0408163260000001e+000
-1.8504835692772906e-001	-1.0321494956805481e+000
-1.8619425227977437e-001	-1.0285714290000001e+000
-1.8809447359695647e-001	-1.0169803259511934e+000
-1.8807970821919320e-001	-1.0163265310000000e+000
-1.8286837861478888e-001	-1.0097524791668522e+000
-1.7602040799999999e-001	-1.0057561046196091e+000
-1.7461088671994537e-001	-1.0054347734376929e+000
-1.7240608586839834e-001	-1.0040816330000000e+000
-1.6724290046478835e-001	-1.0002631421953025e+000
-1.6326530600000000e-001	-9.9683188450803750e-001
-1.6081823651384508e-001	-9.9418592147961182e-001
-1.5924848360426269e-001	-9.9183673470000000e-001
-1.5628927691267791e-001	-9.8628882466758283e-001
-1.5426544932198571e-001	-9.7959183670000005e-001
-1.5379545547544629e-001	-9.7643799528872288e-001
-1.5414695228863823e-001	-9.6734693880000000e-001
-1.5482790507435437e-001	-9.6320194574153917e-001
-1.5701613001982018e-001	-9.5510204080000005e-001
-1.6056680918306310e-001	-9.4544769976118448e-001
-1.6160794865679848e-001	-9.4285714279999999e-001
-1.6326530600000000e-001	-9.3922247087399580e-001
-1.6761299173781163e-001	-9.3061224490000005e-001
-1.7396654035350503e-001	-9.2033905985351705e-001
-1.7535441990534376e-001	-9.1836734689999999e-001
-1.7602040799999999e-001	-9.1749413085301079e-001
-1.8642360322543661e-001	-9.0612244899999994e-001
-1.8877551000000001e-001	-9.0408502676166291e-001
-1.9732721163890427e-001	-8.9791281537301559e-001
-2.0153061200000000e-001	-8.9552825421268389e-001
-2.0475838070817934e-001	-8.9387755099999999e-001
-2.1428571399999999e-001	-8.9029586867013166e-001
-2.1903966443889428e-001	-8.8931375854884487e-001
-2.2704081600000001e-001	-8.8868965674995071e-001
-2.3177253383261387e-001	-8.8933510185101339e-001
-2.3979591800000000e-001	-8.9096332583356153e-001
-2.4167304628099956e-001	-8.9207550797974722e-001
-2.5255102099999999e-001	-8.8930561371468486e-001
-2.5741728915973339e-001	-8.8163265300000004e-001
-2.5936892339464163e-001	-8.7508746671183446e-001
-2.6230650568383029e-001	-8.6938775509999999e-001
-2.6530612300000000e-001	-8.6607473271850832e-001
-2.7266655340562362e-001	-8.6232174186443666e-001
-2.7806122500000002e-001	-8.6179187006677682e-001
-2.8672066479546549e-001	-8.6107469284204119e-001
-2.9081632699999999e-001	-8.6037724953488426e-001
-2.9530846457237420e-001	-8.5714285709999993e-001
-3.0357142900000000e-001	-8.4984080988823374e-001
-3.0784853837291437e-001	-8.4489795919999999e-001
-3.0712735023879628e-001	-8.4148427478845278e-001
-3.0357142900000000e-001	-8.3667502714380415e-001
-3.0059184553359514e-001	-8.3551346134643656e-001
-2.9763573787839659e-001	-8.3265306120000004e-001
-2.9426826742464124e-001	-8.2933919837069392e-001
-2.9081632699999999e-001	-8.2571483679063429e-001
-2.8858386191199487e-001	-8.2255132969848699e-001
-2.8750638905374676e-001	-8.2040816319999998e-001
-2.8510364952686063e-001	-8.1364743566525632e-001
-2.8394633281746962e-001	-8.0816326529999993e-001
-2.8327508294902271e-001	-8.0315796163623687e-001
-2.8285223376813806e-001	-7.9591836730000010e-001
-2.8276338840625465e-001	-7.9140429043736860e-001
-2.8305214986413646e-001	-7.8367346940000004e-001
-2.8340760759506911e-001	-7.7854094207520119e-001
-2.8422952310766980e-001	-7.7142857139999998e-001
-2.8535654461705884e-001	-7.6442506452186731e-001
-2.8639610224579892e-001	-7.5918367340000004e-001
-2.8931769809104407e-001	-7.4837745925024790e-001
-2.8975098965609486e-001	-7.4693877550000010e-001
-2.9081632699999999e-001	-7.4387594677346613e-001
-2.9459222170486532e-001	-7.3469387750000004e-001
-2.9829123012701092e-001	-7.2751797050979017e-001
-3.0140021005498630e-001	-7.2244897959999999e-001
-3.0357142900000000e-001	-7.1934449584653137e-001
-3.1143925351904805e-001	-7.1020408160000004e-001
-3.1632653100000002e-001	-7.0583226644528907e-001
-3.2896491148816587e-001	-6.9795918360000009e-001
-3.2908163299999998e-001	-6.9790462950791765e-001
-3.2918517131286318e-001	-6.9785978681981375e-001
-3.4183673500000000e-001	-6.9381135289728957e-001
-3.4693901241876302e-001	-6.9306099728598802e-001
-3.5459183700000002e-001	-6.9258209080019839e-001
-3.6011686257685205e-001	-6.9265515905488528e-001
-3.6734693899999998e-001	-6.9292819267109340e-001
-3.7238235072220993e-001	-6.9312518835457415e-001
-3.8010204100000000e-001	-6.9292951925706736e-001
-3.8609785943216290e-001	-6.9220319791452511e-001
-3.9285714300000002e-001	-6.9043382490941574e-001
-4.0238819028685424e-001	-6.8571428570000004e-001
-4.0561224499999998e-001	-6.8338394409223779e-001
-4.1689844904425322e-001	-6.7346938769999998e-001
-4.1836734700000000e-001	-6.7200688588385804e-001
-4.2989868205027804e-001	-6.6239930606981423e-001
-4.3112244900000002e-001	-6.6159563283705591e-001
-4.3165450449171217e-001	-6.6122448979999993e-001
-4.4387755099999998e-001	-6.5558114003454826e-001
-4.5124859700813291e-001	-6.5414828558596116e-001
-4.5663265300000000e-001	-6.5401672645890430e-001
-4.6326014088508272e-001	-6.5486210138875300e-001
-4.6938775500000002e-001	-6.5676912164134327e-001
-4.7251846632554717e-001	-6.5821900690783886e-001
-4.7728175601416634e-001	-6.6122448979999993e-001
-4.7987083295353444e-001	-6.6340563288104437e-001
-4.8214285699999998e-001	-6.6544657571994703e-001
-4.8611359477912852e-001	-6.6965747943826270e-001
-4.8879727172953968e-001	-6.7346938769999998e-001
-4.9101379633972381e-001	-6.7719818387822661e-001
-4.9489795900000000e-001	-6.8310749610070398e-001
-4.9592814551411291e-001	-6.8472530663999032e-001
-4.9639818349957571e-001	-6.8571428570000004e-001
-5.0116772310761326e-001	-6.9194021006652218e-001
-5.0765306099999996e-001	-6.9721474281577878e-001
-5.0815208827038816e-001	-6.9748011742120997e-001
-5.0896648611461082e-001	-6.9795918360000009e-001
-5.1609810441014259e-001	-7.0209683987329585e-001
-5.2040816300000003e-001	-7.0403280362387277e-001
-5.2402244445948343e-001	-7.0673437137622730e-001
-5.3316326500000000e-001	-7.0479095200903885e-001
-5.3692791582831156e-001	-6.9795918360000009e-001
-5.4591836699999996e-001	-6.8999276114759078e-001
-5.5780708919534827e-001	-6.8654601031110729e-001
-5.5867346900000003e-001	-6.8676150724886753e-001
-5.6439769327684330e-001	-6.8571428570000004e-001
-5.7142857199999997e-001	-6.8445969856499889e-001
-5.7304090303136834e-001	-6.8416644789977388e-001
-5.8418367400000004e-001	-6.8296937202250374e-001
-5.8677832403939600e-001	-6.8322342164590633e-001
-5.9266353312020448e-001	-6.8571428570000004e-001
-5.9445480154022801e-001	-6.8809890117748629e-001
-5.9693877600000000e-001	-6.9062443582425437e-001
-6.0111705137324467e-001	-6.9394803924823667e-001
-6.0969387799999997e-001	-6.9228222755217261e-001
-6.1875247981762382e-001	-6.8926292586928506e-001
-6.2244898000000004e-001	-6.9059666602563186e-001
-6.3083162867835774e-001	-6.8991184088192070e-001
-6.3520408200000000e-001	-6.8956849271556697e-001
-6.3929654690904814e-001	-6.8571428570000004e-001
-6.3763014241676375e-001	-6.8338526768469054e-001
-6.3520408200000000e-001	-6.8199270143691293e-001
-6.3112043649920135e-001	-6.7738968740637939e-001
-6.3011930626453150e-001	-6.7346938769999998e-001
-6.2868656791371125e-001	-6.6748130331261768e-001
-6.2620370827673699e-001	-6.6122448979999993e-001
-6.2471364005009855e-001	-6.5905041613770143e-001
-6.2244898000000004e-001	-6.5643179942467067e-001
-6.1950080761770632e-001	-6.5180983730549291e-001
-6.1815908007915454e-001	-6.4897959179999998e-001
-6.1685026931844289e-001	-6.4210945608940995e-001
-6.1727387849118753e-001	-6.3673469380000003e-001
-6.2244898000000004e-001	-6.2548089498874970e-001
-6.2323535314642708e-001	-6.2448979589999998e-001
-6.2427509603960285e-001	-6.2273672449052797e-001
-6.2707339848523147e-001	-6.1224489790000003e-001
-6.2658094437897527e-001	-6.0827821210266264e-001
-6.2313558587046958e-001	-5.9999999999999998e-001
-6.2281007447804060e-001	-5.9965334929881631e-001
-6.2244898000000004e-001	-5.9913386933573676e-001
-6.1743536702026047e-001	-5.9256817049199539e-001
-6.1374640700464878e-001	-5.8775510200000003e-001
-6.1199029814636985e-001	-5.8555053864508189e-001
-6.0969387799999997e-001	-5.8184808465821347e-001
-6.0756023699485018e-001	-5.7755849937832593e-001
-6.0668055602971149e-001	-5.7551020399999997e-001
-6.0486144770865469e-001	-5.6790443917211419e-001
-6.0446716340334339e-001	-5.6326530610000003e-001
-6.0527487364737931e-001	-5.5526265230623184e-001
-6.0632104450783142e-001	-5.5102040809999997e-001
-6.0969387799999997e-001	-5.4331922807153643e-001
-6.1262431770610626e-001	-5.3877551020000003e-001
-6.2244898000000004e-001	-5.2831585690136862e-001
-6.2476630506526876e-001	-5.2653061219999997e-001
-6.3520408200000000e-001	-5.1975722186665529e-001
-6.4567323263147980e-001	-5.1428571420000002e-001
-6.4795918399999997e-001	-5.1316695469145557e-001
-6.5028006985961462e-001	-5.1205766377840922e-001
-6.6071428600000004e-001	-5.0641245632475573e-001
-6.6762989996791045e-001	-5.0204081629999997e-001
-6.7346938800000000e-001	-4.9789973795264403e-001
-6.8518099940687460e-001	-4.8979591830000002e-001
-6.8622448999999996e-001	-4.8917333590719708e-001
-6.8771553912389671e-001	-4.8836451114339707e-001
-6.9897959200000004e-001	-4.8455438580445254e-001
-7.0719260313916710e-001	-4.8191142761927763e-001
-7.1173469400000000e-001	-4.7919454012401952e-001
-7.1325896526523069e-001	-4.7755102040000003e-001
-7.1448504943566027e-001	-4.7491067916451601e-001
-7.1581060276650155e-001	-4.6530612240000002e-001
-7.1506560143817810e-001	-4.6210845123845762e-001
-7.1242477062912568e-001	-4.5306122440000002e-001
-7.1222154168971452e-001	-4.5259385061863744e-001
-7.1173469400000000e-001	-4.5065415172960865e-001
-7.1029354026154812e-001	-4.4219983408665409e-001
-7.1010074457945427e-001	-4.4081632650000002e-001
-7.1057042148424732e-001	-4.2968913012242493e-001
-7.1068505064721377e-001	-4.2857142850000002e-001
-7.1173469400000000e-001	-4.2317920459602876e-001
-7.1367636262216838e-001	-4.1632653060000002e-001
-7.1456673437145235e-001	-4.1360777182564323e-001
-7.1853707193255767e-001	-4.0408163260000002e-001
-7.2448979599999996e-001	-3.9258318037969908e-001
-7.2491683153013797e-001	-3.9183673460000001e-001
-7.2540717125525422e-001	-3.9095605435639436e-001
-7.3215185746351741e-001	-3.7959183670000002e-001
-7.3724489800000004e-001	-3.7141803907581106e-001
-7.3982348845461043e-001	-3.6734693870000001e-001
-7.4390575599113440e-001	-3.6095251503895531e-001
-7.4770120933216333e-001	-3.5510204080000002e-001
-7.5000000000000000e-001	-3.5161496512664020e-001
-7.5596426099660441e-001	-3.4285714280000001e-001
-7.6275510199999996e-001	-3.3353160474245097e-001
-7.6499824469349864e-001	-3.3061224480000001e-001
-7.7551020400000004e-001	-3.1840106223920422e-001
-7.7554170656348387e-001	-3.1836734690000001e-001
-7.8826530600000000e-001	-3.0669722070857164e-001
-7.8898722267954136e-001	-3.0612244890000001e-001
-8.0102040799999996e-001	-2.9816414466151225e-001
-8.0999308347600329e-001	-2.9387755100000001e-001
-8.1377551000000004e-001	-2.9245870575499755e-001
-8.1596621621320320e-001	-2.9177447302158482e-001
-8.2653061200000000e-001	-2.8943206913938635e-001
-8.3164242980848035e-001	-2.8897020587179750e-001
-8.3928571399999996e-001	-2.8904550184671046e-001
-8.4376436462689353e-001	-2.8957804637009210e-001
-8.5204081600000003e-001	-2.9146614979458391e-001
-8.5389475572551210e-001	-2.9209776885188049e-001
-8.5843616981395177e-001	-2.9387755100000001e-001
-8.6266639967878256e-001	-2.9592188858502966e-001
-8.6479591800000000e-001	-2.9713536505379307e-001
-8.7044387518852395e-001	-3.0070041000787284e-001
-8.7752443306915551e-001	-3.0612244890000001e-001
-8.7753862169870389e-001	-3.0613435126932204e-001
-8.7755101999999996e-001	-3.0614558602454872e-001
-8.8425111563143854e-001	-3.1193525555607193e-001
-8.9030612300000000e-001	-3.1722326720104399e-001
-8.9092189431205226e-001	-3.1777620643656773e-001
-8.9160419096868471e-001	-3.1836734690000001e-001
-8.9790942207608548e-001	-3.2331307769887990e-001
-9.0306122499999997e-001	-3.2663345589472736e-001
-9.0570297739644867e-001	-3.2807616250355154e-001
-9.1139936908785435e-001	-3.3061224480000001e-001
-9.1466082116387037e-001	-3.3172153040993180e-001
-9.1581632700000004e-001	-3.3203893639292698e-001
-9.2563420905218075e-001	-3.3343197596832874e-001
-9.2857142900000000e-001	-3.3345117999010565e-001
-9.3938315102583281e-001	-3.3247788958738933e-001
-9.4132653099999997e-001	-3.3211134979950124e-001
-9.5029727616731496e-001	-3.3061224480000001e-001
-9.5408163300000004e-001	-3.3010678179408637e-001
-9.5469107194850433e-001	-3.3002718341039144e-001
-9.6683673500000000e-001	-3.3025178032935520e-001
-9.6716444734145801e-001	-3.3029764095271430e-001
-9.6867106584537432e-001	-3.3061224480000001e-001
-9.7657987186131112e-001	-3.3350373135203237e-001
-9.7959183699999997e-001	-3.3507882838207714e-001
-9.8420958121217361e-001	-3.3842410832735087e-001
-9.8846699285812412e-001	-3.4285714280000001e-001
-9.8999454737106929e-001	-3.4511543877852768e-001
-9.9234693900000004e-001	-3.4800156305399221e-001
-9.9529229122010188e-001	-3.5227450265022897e-001
-9.9670219279145900e-001	-3.5510204080000002e-001
-9.9947005986283444e-001	-3.6050874268284805e-001
-1.0030180719332031e+000	-3.6734693870000001e-001
-1.0033258926739630e+000	-3.6905204110413559e-001
-1.0051020410000000e+000	-3.7151974087634865e-001
-1.0085798872657379e+000	-3.7625310426307862e-001
-1.0109271245684779e+000	-3.7959183670000002e-001
-1.0138809334150114e+000	-3.8340899789535443e-001
-1.0178571430000001e+000	-3.8547110411384999e-001
-1.0221310960511234e+000	-3.8773373967762315e-001
-1.0245101623961148e+000	-3.9183673460000001e-001
-1.0267959340127228e+000	-3.9550039317172192e-001
-1.0306122449999999e+000	-3.9617535629721867e-001
-1.0347968360648245e+000	-3.9183673460000001e-001
-1.0369257477643994e+000	-3.8577577195607615e-001
-1.0410676905973431e+000	-3.7959183670000002e-001
-1.0433673470000000e+000	-3.7686882113865183e-001
-1.0527307158290462e+000	-3.6734693870000001e-001
-1.0561224490000001e+000	-3.6377978209512840e-001
-1.0633161208914319e+000	-3.5510204080000002e-001
-1.0688775509999999e+000	-3.4707287203095583e-001
-1.0716029051175191e+000	-3.4285714280000001e-001
-1.0797084020898937e+000	-3.3245952568577092e-001
-1.0815697695613413e+000	-3.3061224480000001e-001
-1.0816326530000000e+000	-3.3054832600206274e-001
-1.0824458385204698e+000	-3.2983158670162405e-001
-1.0943877550000001e+000	-3.2270857338558101e-001
-1.1040795600877296e+000	-3.2130811193097630e-001
-1.1071428569999999e+000	-3.2179235746493740e-001
-1.1140795733437727e+000	-3.2395299712085496e-001
-1.1198979590000000e+000	-3.2742088951596660e-001
-1.1216879357010860e+000	-3.2889386716976410e-001
-1.1236258815644100e+000	-3.3061224480000001e-001
-1.1281293055249493e+000	-3.3495505008442172e-001
-1.1326530610000001e+000	-3.3929746783223802e-001
-1.1344790161565974e+000	-3.4110422583821415e-001
-1.1365743695856845e+000	-3.4285714280000001e-001
-1.1418536605374168e+000	-3.4626946518637369e-001
-1.1454081629999999e+000	-3.4763996315139056e-001
-1.1521283820805044e+000	-3.4865063044056654e-001
-1.1581632650000000e+000	-3.4797015572403767e-001
-1.1706770648003204e+000	-3.4308879291320593e-001
-1.1709183670000001e+000	-3.4290711081319913e-001
-1.1710127880886945e+000	-3.4285714280000001e-001
-1.1836734689999999e+000	-3.3867496175877243e-001
-1.1881774604397042e+000	-3.3853331132862335e-001
-1.1964285720000001e+000	-3.4038138693329445e-001
-1.1982439340797302e+000	-3.4111439519207315e-001
-1.2015126029557797e+000	-3.4285714280000001e-001
-1.2060379831471568e+000	-3.4587700603845917e-001
-1.2091836739999999e+000	-3.4793870168147223e-001
-1.2133752490209593e+000	-3.5107812875358951e-001
-1.2179046961773112e+000	-3.5510204080000002e-001
-1.2197517699827667e+000	-3.5720156657311475e-001
-1.2219387760000000e+000	-3.5891435747527700e-001
-1.2262777342425433e+000	-3.6318153879396198e-001
-1.2296066008051447e+000	-3.6734693870000001e-001
-1.2314336845209994e+000	-3.7047672446028856e-001
-1.2346938780000001e+000	-3.7498362691017989e-001
-1.2363609327112781e+000	-3.7799146416671731e-001
-1.2368108980838965e+000	-3.7959183670000002e-001
-1.2386379447291218e+000	-3.8805043054622745e-001
-1.2383770932847746e+000	-3.9183673460000001e-001
-1.2384485614495691e+000	-4.0047713646486438e-001
-1.2385125738700360e+000	-4.0408163260000002e-001
-1.2395814061952815e+000	-4.1163450350187525e-001
-1.2381945416757199e+000	-4.1632653060000002e-001
-1.2421726974386620e+000	-4.2139176185061128e-001
-1.2474489799999999e+000	-4.1907606589998669e-001
-1.2559673333467518e+000	-4.2039380930047499e-001
-1.2602040820000000e+000	-4.2017527773498231e-001
-1.2667742024563688e+000	-4.2226411287218790e-001
-1.2729591840000001e+000	-4.2349682597922983e-001
-1.2777622516372977e+000	-4.2396048357572541e-001
-1.2801912383762097e+000	-4.2857142850000002e-001
-1.2793896094954706e+000	-4.3464311798401656e-001
-1.2857142859999999e+000	-4.3562996447232089e-001
-1.2910656111534995e+000	-4.2857142850000002e-001
-1.2914685013959311e+000	-4.2304738172892875e-001
-1.2914046629431244e+000	-4.1632653060000002e-001
-1.2895517853935323e+000	-4.1264253115814015e-001
-1.2857142859999999e+000	-4.1392430665299296e-001
-1.2803988582502859e+000	-4.0918444327306391e-001
-1.2780258028974747e+000	-4.0408163260000002e-001
-1.2764861276687418e+000	-4.0069576665588691e-001
-1.2729591840000001e+000	-3.9407569709212253e-001
-1.2723446884338554e+000	-3.9242665034735302e-001
-1.2721311296348705e+000	-3.9183673460000001e-001
-1.2721988534479616e+000	-3.8032175402876478e-001
-1.2724003311159349e+000	-3.7959183670000002e-001
-1.2729591840000001e+000	-3.7846365484779076e-001
-1.2797208878829478e+000	-3.6734693870000001e-001
-1.2857142859999999e+000	-3.5971274238789286e-001
-1.2935222424962189e+000	-3.5510204080000002e-001
-1.2924131439182371e+000	-3.4867113715647713e-001
-1.2857142859999999e+000	-3.4532603345912127e-001
-1.2838541370965144e+000	-3.4464288575901303e-001
-1.2827859882405510e+000	-3.4285714280000001e-001
-1.2786467495717346e+000	-3.3739707981546241e-001
-1.2739864306468993e+000	-3.3061224480000001e-001
-1.2736692531672789e+000	-3.2993057840052575e-001
-1.2729591840000001e+000	-3.2922069624902472e-001
-1.2690382757723488e+000	-3.2213141879239715e-001
-1.2673926283184160e+000	-3.1836734690000001e-001
-1.2651980250778314e+000	-3.1357316151395986e-001
-1.2610689972709490e+000	-3.0612244890000001e-001
-1.2607311035330733e+000	-3.0561650822907604e-001
-1.2602040820000000e+000	-3.0488293805213645e-001
-1.2556533198481452e+000	-2.9824628265864500e-001
-1.2524546052984729e+000	-2.9387755100000001e-001
-1.2503085225603630e+000	-2.9113239012411651e-001
-1.2474489799999999e+000	-2.8748834514357879e-001
-1.2448974876302690e+000	-2.8408208569094473e-001
-1.2431399682366431e+000	-2.8163265300000001e-001
-1.2400100911044194e+000	-2.7652908838641410e-001
-1.2368033818234725e+000	-2.6938775500000001e-001
-1.2362219657311431e+000	-2.6792079078049880e-001
-1.2346938780000001e+000	-2.5965680702977695e-001
-1.2346365637068832e+000	-2.5719787882130229e-001
-1.2346342274935074e+000	-2.5714285710000001e-001
-1.2346938780000001e+000	-2.5574481307433511e-001
-1.2372985411082822e+000	-2.4489795910000001e-001
-1.2398911096141068e+000	-2.3990861675860681e-001
-1.2459364120499834e+000	-2.3265306120000001e-001
-1.2474489799999999e+000	-2.3131677713652876e-001
-1.2538846450323291e+000	-2.2647482272859953e-001
-1.2602040820000000e+000	-2.2272233128322039e-001
-1.2647029207094720e+000	-2.2040816320000001e-001
-1.2729591840000001e+000	-2.1610677472545747e-001
-1.2850487532045636e+000	-2.0816326520000000e-001
-1.2857142859999999e+000	-2.0761970046671713e-001
-1.2953203245988545e+000	-1.9591836700000001e-001
-1.2984693880000000e+000	-1.8927919200139803e-001
-1.3003629570233954e+000	-1.8367346900000001e-001
-1.3009701866282819e+000	-1.8127270230116416e-001
-1.3032730834936408e+000	-1.7142857100000000e-001
-1.3045667277228408e+000	-1.6557512482783038e-001
-1.3062592501699068e+000	-1.5918367300000000e-001
-1.3112244900000001e+000	-1.4723936866666029e-001
-1.3113922277809065e+000	-1.4693877499999999e-001
-1.3116309783121478e+000	-1.4654854621778868e-001
-1.3228251158408775e+000	-1.3469387699999999e-001
-1.3239795919999999e+000	-1.3396318136653321e-001
-1.3256122474326513e+000	-1.3312652790241489e-001
-1.3367346940000000e+000	-1.2986341108034871e-001
-1.3418478218125780e+000	-1.2978527466872483e-001
-1.3494897960000001e+000	-1.3083343473795772e-001
-1.3525785681031248e+000	-1.3172865600378716e-001
-1.3608213910072140e+000	-1.3469387699999999e-001
-1.3618184809388298e+000	-1.3510323738139776e-001
-1.3622448979999999e+000	-1.3533670876457823e-001
-1.3704160599067867e+000	-1.3909445951823518e-001
-1.3750000000000000e+000	-1.4131732463261468e-001
-1.3789063722629658e+000	-1.4318865760305213e-001
-1.3869528243894718e+000	-1.4693877499999999e-001
-1.3874913113662155e+000	-1.4719201401008766e-001
-1.3877551020000001e+000	-1.4737744713167908e-001
-1.3959446810795879e+000	-1.5132167703223054e-001
-1.4005102039999999e+000	-1.5360073617523418e-001
-1.4044314459924074e+000	-1.5541928066269478e-001
-1.4132653060000000e+000	-1.5825099347653820e-001
-1.4140751791102073e+000	-1.5840619480912146e-001
-1.4187466336065782e+000	-1.5918367300000000e-001
-1.4233598409312749e+000	-1.6173781740266324e-001
-1.4260204080000001e+000	-1.6349912191717891e-001
-1.4298781340123270e+000	-1.5918367300000000e-001
-1.4284671344575814e+000	-1.5683481558537576e-001
-1.4274676610780304e+000	-1.4693877499999999e-001
-1.4269979944435260e+000	-1.4600029200808365e-001
-1.4262429077651089e+000	-1.3469387699999999e-001
-1.4261755580916851e+000	-1.3454493292317307e-001
-1.4260204080000001e+000	-1.3271659069737021e-001
-1.4255547174606673e+000	-1.2289604288417012e-001
-1.4255184381939503e+000	-1.2244898000000000e-001
-1.4251311676231084e+000	-1.1105775276739328e-001
-1.4250043731617417e+000	-1.1020408199999999e-001
-1.4240176866532399e+000	-9.9881796505450815e-002
-1.4237008142949117e+000	-9.7959184000000005e-002
-1.4228589290469191e+000	-8.8749305814786489e-002
-1.4226201955352769e+000	-8.5714286000000001e-002
-1.4232163686627313e+000	-7.6161265781364978e-002
-1.4236736936459202e+000	-7.3469387999999997e-002
-1.4260204080000001e+000	-6.6899862865586052e-002
-1.4298043066533395e+000	-6.1224489999999999e-002
-1.4387755099999999e+000	-5.4697714054620691e-002
-1.4482288622990724e+000	-5.2149271733599220e-002
-1.4515306120000000e+000	-5.1939458546290465e-002
-1.4609247768055216e+000	-5.2206091727779354e-002
-1.4642857140000001e+000	-5.2627333960082318e-002
-1.4724231403196262e+000	-5.3412560682120913e-002
-1.4770408159999999e+000	-5.3680383501519963e-002
-1.4859649695902282e+000	-5.2657302497408645e-002
-1.4897959180000000e+000	-5.1652244418341056e-002
-1.4948791876034364e+000	-4.8979592000000002e-002
-1.5025510200000001e+000	-4.1959470151150383e-002
-1.5063103853940862e+000	-3.6734693999999998e-002
-1.5146029436543182e+000	-2.5164847216264753e-002
-1.5152037690255102e+000	-2.4489796000000001e-002
-1.5153061219999999e+000	-2.4371508170181022e-002
-1.5179767351213951e+000	-2.1926007386710578e-002
-1.5280612240000000e+000	-1.7510390408780097e-002
-1.5351664525694497e+000	-1.7668777063532121e-002
-1.5408163269999999e+000	-1.8566349553242857e-002
-1.5461009100311132e+000	-1.9416596256986208e-002
-1.5535714290000000e+000	-1.9929357885540611e-002
-1.5583601614701501e+000	-1.9892612798620785e-002
-1.5663265310000001e+000	-1.9106261699967805e-002
-1.5725028554959670e+000	-1.8560524445133755e-002
-1.5790816329999999e+000	-1.8609829756299111e-002
-1.5846417895610529e+000	-1.9152045666515616e-002
-1.5918367350000000e+000	-1.9940644518327683e-002
-1.5962148274337453e+000	-2.0286827236145121e-002
-1.6045918370000001e+000	-2.0569054441727075e-002
-1.6085172613918903e+000	-2.0721388559165051e-002
-1.6173469389999999e+000	-2.3619415946081305e-002
-1.6180033963763090e+000	-2.3859596914626243e-002
-1.6181768580888616e+000	-2.4489796000000001e-002
-1.6222919133044620e+000	-3.1987518636701788e-002
-1.6244920734900608e+000	-3.6734693999999998e-002
-1.6278448373507550e+000	-3.8901609517432344e-002
-1.6301020410000000e+000	-3.9200862330037382e-002
-1.6328724365199432e+000	-3.6734693999999998e-002
-1.6345592491954757e+000	-3.2455774104387755e-002
-1.6363887304571110e+000	-2.4489796000000001e-002
-1.6428571430000001e+000	-1.9409810633519077e-002
-1.6498306485108598e+000	-1.7795230665836752e-002
-1.6556122449999999e+000	-1.7019236538113103e-002
-1.6661491213385773e+000	-1.4374394648878505e-002
-1.6683673470000000e+000	-1.3965108059530853e-002
-1.6806801921412327e+000	-1.2669464587190557e-002
-1.6811224490000001e+000	-1.2749067104200150e-002
-1.6934174688331642e+000	-1.2686576883047897e-002
-1.6938775509999999e+000	-1.2659684585335678e-002
-1.6951625521318472e+000	-1.2244898000000001e-002
-1.7066326530000000e+000	-8.3768175891259389e-003
-1.7112375483668303e+000	-7.8241984189610456e-003
-1.7193375536576108e+000	-1.2244898000000001e-002
-1.7193550476953163e+000	-1.2276297012701533e-002
-1.7193877550000001e+000	-1.2301492081882389e-002
-1.7261524145408158e+000	-1.7995722798388878e-002
-1.7321428569999999e+000	-2.2725702655304852e-002
-1.7332112112162021e+000	-2.3464175945744948e-002
-1.7342626884009116e+000	-2.4489796000000001e-002
-1.7400654541090919e+000	-2.9129000725581257e-002
-1.7448979590000000e+000	-3.1510105570308471e-002
-1.7486470205977258e+000	-3.3135594842669126e-002
-1.7544844365179892e+000	-3.6734693999999998e-002
-1.7547192755539824e+000	-3.9551128046577615e-002
-1.7576530610000001e+000	-3.8567736409236678e-002
-1.7634249035779308e+000	-4.3438623088985440e-002
-1.7626883683532100e+000	-4.8979592000000002e-002
-1.7642735351286607e+000	-5.4868834794962115e-002
-1.7671870114431698e+000	-6.1224489999999999e-002
-1.7650466900827588e+000	-6.6371504034178672e-002
-1.7704081629999999e+000	-6.7038598531734286e-002
-1.7745159143864249e+000	-6.1224489999999999e-002
-1.7723660736524112e+000	-5.9344895761405420e-002
-1.7737479594012091e+000	-4.8979592000000002e-002
-1.7722422164861777e+000	-4.7218900641766114e-002
-1.7730566396184853e+000	-3.6734693999999998e-002
-1.7831632650000000e+000	-2.6379515114006356e-002
-1.7854057367992640e+000	-2.4489796000000001e-002
-1.7959183670000001e+000	-1.5871570510059524e-002
-1.7995601703016124e+000	-1.2244898000000001e-002
-1.8086734689999999e+000	-4.7814866431678833e-003
-1.8156583317342521e+000	-5.5394297313089260e-003
-1.8214285710000000e+000	-6.8861055360518826e-003
-1.8281508485440860e+000	-5.7915120214606939e-003
-1.8341836739999999e+000	-4.9564379637182399e-003
-1.8407393964539067e+000	-5.9514044031320299e-003
-1.8469387760000000e+000	-4.8417933357311118e-003
-1.8542893940521799e+000	-5.1883046238043115e-003
-1.8596938780000001e+000	-9.1126017635732078e-003
-1.8652582431666704e+000	-6.9031074050966944e-003
-1.8724489799999999e+000	-4.1483773171246676e-003
-1.8811620327810079e+000	-3.8803672755841215e-003
-1.8852040820000000e+000	-4.1689548930994944e-003
-1.8938875739758863e+000	-3.9087456486863884e-003
-1.8979591840000001e+000	-4.2086117504784625e-003
-1.9057857737101938e+000	-4.7313718291256126e-003
-1.9107142859999999e+000	-4.9246671791857276e-003
-1.9190515189062149e+000	-4.2411543577425027e-003
-1.9234693880000000e+000	-4.8008669271818755e-003
-1.9311934201247705e+000	-4.8298271117752688e-003
-1.9362244900000001e+000	-5.3617388006432084e-003
-1.9424568986263706e+000	-6.2617856795945523e-003
-1.9489795919999999e+000	-5.3734491766514788e-003
-1.9571481006517280e+000	-4.4031296431082572e-003
-1.9617346940000000e+000	-5.5352331603356715e-003
-1.9690584266770279e+000	-5.2141145841187999e-003
-1.9744897960000001e+000	-5.8235867903947735e-003
-1.9814817440524610e+000	-5.5326278257839118e-003
-1.9872448979999999e+000	-6.0227045492026333e-003
-2.0000000000000000e+000	0.0000000000000000e+000
-1.9936209362324528e+000	6.1209967431452789e-003
-1.9872448979999999e+000	6.0227045492026359e-003
-1.9808287823234103e+000	6.0854269102320179e-003
-1.9744897960000001e+000	5.8235867903947717e-003
-1.9679277859545119e+000	5.9453683151742473e-003
-1.9617346940000000e+000	5.5352331603356749e-003
-1.9549715075220171e+000	5.7522389387175271e-003
